256 693
0 X 1 217 0 
1 H 1 86 0 
2 X 1 73 0 
3 H 1 155 0 
4 CNOT 2 43 21 0 
5 Y 1 119 0 
6 H 1 191 0 
7 CNOT 2 165 64 0 
8 CNOT 2 149 171 0 
9 CNOT 2 40 161 0 
10 CNOT 2 225 186 0 
11 H 1 186 1 10 
12 CNOT 2 70 11 0 
13 X 1 134 0 
14 X 1 182 0 
15 H 1 116 0 
16 Y 1 179 0 
17 CNOT 2 173 7 0 
18 CNOT 2 47 160 0 
19 CNOT 2 134 165 2 13 7 
20 CNOT 2 108 29 0 
21 CNOT 2 131 37 1 28 
22 CNOT 2 52 87 0 
23 H 1 210 0 
24 Y 1 79 0 
25 Y 1 176 0 
26 Y 1 155 1 3 
27 CNOT 2 17 143 0 
28 CNOT 2 81 131 0 
29 H 1 96 0 
30 CNOT 2 176 169 1 25 
31 H 1 56 0 
32 CNOT 2 253 72 1 40 
33 CNOT 2 60 82 0 
34 H 1 234 0 
35 CNOT 2 76 94 0 
36 CNOT 2 115 135 0 
37 X 1 180 0 
38 Y 1 69 0 
39 Y 1 23 0 
40 CNOT 2 253 228 0 
41 H 1 208 0 
42 X 1 195 0 
43 Y 1 22 0 
44 X 1 44 0 
45 Y 1 18 0 
46 Y 1 51 0 
47 H 1 222 0 
48 Y 1 86 1 1 
49 X 1 31 0 
50 H 1 67 1 162 
51 H 1 2 1 169 
52 H 1 224 1 95 
53 Y 1 11 1 12 
54 H 1 14 1 125 
55 H 1 82 1 33 
56 Y 1 148 0 
57 CNOT 2 112 247 0 
58 H 1 38 0 
59 X 1 15 0 
60 X 1 146 0 
61 Y 1 255 0 
62 X 1 96 1 29 
63 CNOT 2 241 208 1 41 
64 CNOT 2 242 51 1 46 
65 Y 1 175 0 
66 H 1 83 0 
67 X 1 209 0 
68 H 1 161 1 9 
69 Y 1 80 0 
70 X 1 185 0 
71 X 1 243 0 
72 CNOT 2 9 71 0 
73 H 1 16 0 
74 CNOT 2 170 7 1 17 
75 H 1 153 0 
76 Y 1 100 0 
77 H 1 28 0 
78 X 1 75 0 
79 CNOT 2 232 172 0 
80 X 1 225 1 10 
81 Y 1 82 1 55 
82 CNOT 2 255 192 1 61 
83 Y 1 199 0 
84 H 1 166 0 
85 X 1 105 0 
86 H 1 184 0 
87 CNOT 2 177 129 0 
88 CNOT 2 241 143 2 27 63 
89 Y 1 54 0 
90 H 1 178 0 
91 Y 1 138 0 
92 X 1 137 0 
93 CNOT 2 76 23 2 35 39 
94 H 1 47 1 18 
95 H 1 224 0 
96 H 1 73 1 2 
97 X 1 121 0 
98 Y 1 155 1 26 
99 X 1 200 0 
100 H 1 165 1 19 
101 H 1 125 0 
102 H 1 83 1 66 
103 Y 1 185 1 70 
104 H 1 21 1 4 
105 H 1 171 1 8 
106 X 1 216 0 
107 H 1 162 0 
108 CNOT 2 131 187 1 21 
109 H 1 63 0 
110 Y 1 69 1 209 
111 H 1 166 1 84 
112 X 1 7 1 219 
113 CNOT 2 167 72 2 129 118 
114 Y 1 12 1 152 
115 Y 1 251 0 
116 H 1 113 0 
117 CNOT 2 194 182 1 14 
118 CNOT 2 61 167 0 
119 CNOT 2 21 237 1 104 
120 H 1 64 1 7 
121 CNOT 2 70 63 2 12 109 
122 CNOT 2 212 255 1 82 
123 X 1 242 1 64 
124 Y 1 68 0 
125 CNOT 2 156 14 0 
126 Y 1 155 1 98 
127 CNOT 2 161 95 1 68 
128 X 1 174 0 
129 Y 1 72 1 32 
130 X 1 211 0 
131 CNOT 2 235 129 1 87 
132 H 1 20 0 
133 Y 1 27 0 
134 Y 1 86 1 48 
135 CNOT 2 52 179 2 16 22 
136 H 1 210 1 23 
137 Y 1 194 1 117 
138 H 1 155 1 126 
139 Y 1 210 1 136 
140 X 1 162 1 107 
141 X 1 21 1 119 
142 Y 1 127 0 
143 CNOT 2 145 209 1 67 
144 X 1 117 0 
145 H 1 237 1 119 
146 X 1 0 0 
147 X 1 242 1 123 
148 CNOT 2 245 59 0 
149 Y 1 225 1 80 
150 X 1 64 1 120 
151 Y 1 244 0 
152 X 1 12 0 
153 CNOT 2 33 18 1 45 
154 Y 1 100 1 76 
155 H 1 131 1 108 
156 X 1 218 0 
157 X 1 22 1 43 
158 Y 1 200 1 99 
159 Y 1 22 1 157 
160 X 1 19 0 
161 X 1 90 0 
162 CNOT 2 147 67 0 
163 H 1 245 1 148 
164 X 1 66 0 
165 CNOT 2 42 160 1 18 
166 X 1 4 0 
167 H 1 41 0 
168 X 1 244 1 151 
169 CNOT 2 208 2 1 63 
170 CNOT 2 147 66 2 162 164 
171 X 1 178 1 90 
172 Y 1 168 0 
173 X 1 217 1 0 
174 CNOT 2 246 28 1 77 
175 H 1 13 0 
176 X 1 63 1 121 
177 H 1 57 0 
178 Y 1 188 0 
179 H 1 153 1 75 
180 Y 1 250 0 
181 X 1 97 0 
182 X 1 1 0 
183 Y 1 141 0 
184 H 1 146 1 60 
185 H 1 57 1 177 
186 CNOT 2 191 55 1 6 
187 X 1 162 1 140 
188 Y 1 249 0 
189 Y 1 110 0 
190 H 1 217 1 173 
191 Y 1 253 1 32 
192 Y 1 217 1 190 
193 H 1 169 1 30 
194 CNOT 2 20 148 2 56 132 
195 H 1 101 0 
196 X 1 133 0 
197 H 1 20 1 194 
198 CNOT 2 15 158 1 59 
199 Y 1 253 1 191 
200 X 1 58 0 
201 CNOT 2 240 181 0 
202 X 1 10 0 
203 CNOT 2 148 82 2 81 194 
204 H 1 159 0 
205 H 1 114 0 
206 H 1 136 0 
207 X 1 43 1 4 
208 Y 1 172 1 79 
209 X 1 69 1 38 
210 H 1 109 0 
211 X 1 73 1 96 
212 X 1 133 1 196 
213 H 1 155 1 138 
214 X 1 181 1 201 
215 H 1 108 1 20 
216 X 1 1 1 182 
217 X 1 44 1 44 
218 CNOT 2 125 76 2 93 101 
219 X 1 7 1 74 
220 X 1 106 0 
221 CNOT 2 48 179 2 414 415 
222 CNOT 2 134 10 2 292 311 
223 H 1 79 1 24 
224 X 1 59 1 312 
225 H 1 117 1 144 
226 Y 1 206 1 371 
227 H 1 108 1 215 
228 X 1 105 1 436 
229 CNOT 2 114 72 2 265 205 
230 X 1 174 1 128 
231 Y 1 105 1 85 
232 CNOT 2 183 209 1 143 
233 CNOT 2 220 211 1 130 
234 X 1 3 0 
235 CNOT 2 176 190 1 30 
236 H 1 182 1 117 
237 X 1 71 1 72 
238 X 1 37 1 21 
239 X 1 21 1 141 
240 Y 1 85 0 
241 Y 1 141 1 183 
242 Y 1 69 1 110 
243 Y 1 163 0 
244 Y 1 91 0 
245 Y 1 136 1 206 
246 CNOT 2 187 38 2 58 108 
247 X 1 144 0 
248 H 1 61 1 118 
249 Y 1 66 1 170 
250 X 1 230 0 
251 CNOT 2 89 132 0 
252 X 1 78 0 
253 CNOT 2 63 176 2 176 235 
254 CNOT 2 201 128 0 
255 H 1 57 1 185 
256 H 1 3 1 234 
257 X 1 88 0 
258 H 1 71 1 237 
259 X 1 23 1 93 
260 H 1 182 1 236 
261 CNOT 2 45 150 0 
262 X 1 66 1 249 
263 CNOT 2 142 16 1 73 
264 H 1 15 1 198 
265 H 1 72 1 113 
266 X 1 202 0 
267 CNOT 2 33 129 2 153 131 
268 CNOT 2 59 51 2 64 148 
269 X 1 84 0 
270 X 1 187 1 246 
271 X 1 100 1 154 
272 H 1 51 1 268 
273 X 1 190 1 235 
274 H 1 245 1 163 
275 Y 1 179 1 135 
276 H 1 136 1 245 
277 Y 1 91 1 244 
278 Y 1 176 1 253 
279 Y 1 94 1 35 
280 H 1 93 0 
281 Y 1 14 1 54 
282 X 1 115 1 36 
283 CNOT 2 67 69 2 50 242 
284 CNOT 2 198 85 1 240 
285 Y 1 73 1 211 
286 X 1 207 0 
287 X 1 183 1 232 
288 CNOT 2 37 196 1 238 
289 CNOT 2 26 147 1 170 
290 H 1 86 1 134 
291 Y 1 15 1 264 
292 H 1 134 1 19 
293 X 1 28 1 174 
294 Y 1 157 0 
295 CNOT 2 8 47 1 94 
296 CNOT 2 111 99 0 
297 X 1 54 1 89 
298 Y 1 199 1 83 
299 X 1 105 1 231 
300 H 1 11 1 53 
301 H 1 216 1 106 
302 Y 1 16 1 263 
303 H 1 44 1 217 
304 CNOT 2 124 52 1 135 
305 Y 1 165 1 100 
306 CNOT 2 163 210 2 139 243 
307 CNOT 2 109 74 1 210 
308 CNOT 2 204 122 0 
309 CNOT 2 182 240 2 201 260 
310 CNOT 2 220 30 1 233 
311 CNOT 2 96 10 2 202 62 
312 CNOT 2 59 226 1 268 
313 H 1 32 0 
314 CNOT 2 163 100 2 306 271 
315 X 1 109 1 307 
316 Y 1 207 1 286 
317 X 1 6 0 
318 CNOT 2 111 82 2 296 203 
319 X 1 36 0 
320 H 1 84 1 269 
321 X 1 172 1 208 
322 Y 1 121 1 97 
323 CNOT 2 151 175 1 65 
324 CNOT 2 210 90 2 161 306 
325 CNOT 2 27 252 1 133 
326 Y 1 152 0 
327 CNOT 2 100 157 2 314 294 
328 X 1 37 1 288 
329 H 1 201 1 254 
330 X 1 224 1 52 
331 CNOT 2 231 99 1 296 
332 X 1 19 1 160 
333 X 1 113 1 116 
334 CNOT 2 239 248 0 
335 X 1 101 1 195 
336 H 1 190 1 273 
337 X 1 222 1 47 
338 CNOT 2 51 12 2 272 114 
339 H 1 218 1 156 
340 X 1 61 1 248 
341 CNOT 2 37 93 2 280 328 
342 Y 1 214 0 
343 H 1 57 1 255 
344 X 1 14 1 281 
345 CNOT 2 93 140 1 341 
346 CNOT 2 231 237 2 145 331 
347 H 1 65 0 
348 X 1 64 1 150 
349 X 1 52 1 304 
350 H 1 151 1 323 
351 X 1 56 1 31 
352 Y 1 85 1 284 
353 CNOT 2 52 27 2 325 349 
354 Y 1 152 1 326 
355 CNOT 2 233 149 1 8 
356 Y 1 43 1 207 
357 X 1 232 1 79 
358 H 1 22 1 159 
359 X 1 235 1 131 
360 Y 1 236 0 
361 X 1 172 1 321 
362 Y 1 15 1 291 
363 H 1 204 1 308 
364 CNOT 2 244 142 2 168 263 
365 Y 1 213 0 
366 X 1 161 1 127 
367 X 1 213 1 365 
368 Y 1 179 1 275 
369 Y 1 181 1 214 
370 X 1 86 1 290 
371 X 1 206 0 
372 CNOT 2 115 118 1 282 
373 CNOT 2 56 121 2 322 351 
374 H 1 229 0 
375 CNOT 2 238 14 1 344 
376 H 1 200 1 158 
377 H 1 22 1 358 
378 X 1 150 1 261 
379 Y 1 199 1 298 
380 Y 1 218 1 339 
381 X 1 43 1 356 
382 CNOT 2 6 202 2 266 317 
383 CNOT 2 179 189 1 368 
384 CNOT 2 3 201 2 256 329 
385 Y 1 147 1 289 
386 X 1 233 1 355 
387 H 1 162 1 187 
388 Y 1 208 1 169 
389 Y 1 93 1 345 
390 H 1 176 1 278 
391 H 1 209 1 232 
392 X 1 107 0 
393 H 1 52 1 353 
394 CNOT 2 241 182 2 88 309 
395 CNOT 2 107 203 1 392 
396 X 1 77 0 
397 CNOT 2 209 137 2 92 391 
398 Y 1 55 1 186 
399 Y 1 68 1 124 
400 H 1 248 1 334 
401 CNOT 2 181 34 1 369 
402 Y 1 246 1 174 
403 Y 1 235 1 359 
404 CNOT 2 214 13 2 342 175 
405 Y 1 241 1 394 
406 CNOT 2 229 40 2 9 374 
407 Y 1 17 1 27 
408 X 1 170 1 74 
409 CNOT 2 52 221 1 393 
410 X 1 148 1 203 
411 X 1 77 1 396 
412 Y 1 168 1 172 
413 H 1 60 1 33 
414 X 1 179 1 383 
415 H 1 48 0 
416 Y 1 170 1 408 
417 Y 1 122 1 308 
418 Y 1 32 1 313 
419 Y 1 33 1 267 
420 H 1 16 1 302 
421 Y 1 178 1 171 
422 CNOT 2 251 243 2 115 71 
423 X 1 96 1 311 
424 CNOT 2 92 212 1 122 
425 CNOT 2 124 166 2 304 111 
426 X 1 28 1 293 
427 H 1 49 0 
428 X 1 221 1 409 
429 CNOT 2 250 176 2 180 390 
430 X 1 197 0 
431 Y 1 73 1 285 
432 CNOT 2 60 215 1 413 
433 Y 1 2 1 51 
434 X 1 213 1 367 
435 Y 1 153 1 179 
436 H 1 105 1 299 
437 X 1 171 1 105 
438 X 1 150 1 378 
439 Y 1 243 1 422 
440 CNOT 2 173 186 2 17 11 
441 Y 1 165 1 305 
442 H 1 85 1 352 
443 CNOT 2 211 245 2 233 274 
444 X 1 34 1 401 
445 X 1 47 1 295 
446 CNOT 2 80 240 2 69 309 
447 H 1 185 1 103 
448 H 1 248 1 400 
449 H 1 71 1 258 
450 Y 1 5 0 
451 CNOT 2 156 67 2 283 125 
452 X 1 228 1 40 
453 CNOT 2 225 242 2 147 149 
454 X 1 69 1 283 
455 CNOT 2 141 138 2 241 91 
456 H 1 39 0 
457 Y 1 112 1 57 
458 X 1 8 1 295 
459 Y 1 119 1 5 
460 X 1 138 1 455 
461 Y 1 137 1 397 
462 Y 1 111 1 318 
463 X 1 167 1 113 
464 H 1 221 1 428 
465 H 1 69 1 454 
466 Y 1 190 1 336 
467 H 1 135 1 36 
468 H 1 216 1 301 
469 Y 1 101 1 335 
470 H 1 38 1 246 
471 Y 1 42 1 165 
472 Y 1 226 1 312 
473 Y 1 76 1 218 
474 Y 1 206 1 226 
475 X 1 111 1 462 
476 Y 1 87 1 22 
477 CNOT 2 218 195 2 42 380 
478 X 1 123 0 
479 X 1 185 1 447 
480 CNOT 2 41 82 2 318 167 
481 H 1 134 1 222 
482 Y 1 13 1 404 
483 Y 1 20 1 197 
484 X 1 189 1 383 
485 H 1 174 1 230 
486 H 1 77 1 411 
487 CNOT 2 239 204 2 363 334 
488 CNOT 2 188 124 2 425 178 
489 CNOT 2 196 233 2 288 386 
490 CNOT 2 189 37 2 484 341 
491 H 1 187 1 270 
492 Y 1 108 1 227 
493 Y 1 139 0 
494 X 1 57 1 343 
495 H 1 169 1 193 
496 X 1 19 1 332 
497 X 1 198 1 284 
498 X 1 81 1 28 
499 Y 1 212 1 424 
500 CNOT 2 18 96 2 153 423 
501 CNOT 2 61 160 2 340 165 
502 H 1 224 1 330 
503 H 1 238 1 375 
504 CNOT 2 85 66 2 442 262 
505 X 1 100 1 327 
506 Y 1 44 1 303 
507 H 1 226 1 472 
508 Y 1 150 1 438 
509 X 1 164 0 
510 Y 1 13 1 482 
511 X 1 35 0 
512 X 1 16 1 420 
513 Y 1 200 1 376 
514 Y 1 210 1 324 
515 X 1 174 1 485 
516 CNOT 2 243 6 2 382 439 
517 Y 1 159 1 204 
518 X 1 21 1 239 
519 Y 1 180 1 37 
520 H 1 28 1 426 
521 X 1 223 0 
522 Y 1 29 1 20 
523 H 1 181 1 401 
524 Y 1 126 0 
525 X 1 41 1 480 
526 H 1 254 0 
527 X 1 9 1 72 
528 CNOT 2 216 4 2 468 166 
529 CNOT 2 224 182 2 394 502 
530 H 1 197 1 430 
531 CNOT 2 77 255 2 122 486 
532 X 1 183 1 287 
533 X 1 251 1 422 
534 Y 1 206 1 474 
535 Y 1 218 1 477 
536 H 1 54 1 297 
537 X 1 11 1 300 
538 CNOT 2 98 201 1 384 
539 CNOT 2 20 179 2 483 221 
540 X 1 238 1 503 
541 H 1 197 1 530 
542 X 1 244 1 364 
543 X 1 79 1 223 
544 H 1 119 1 459 
545 Y 1 204 1 487 
546 Y 1 75 1 78 
547 CNOT 2 35 89 2 251 511 
548 Y 1 42 1 471 
549 Y 1 81 1 498 
550 X 1 145 1 143 
551 H 1 95 1 127 
552 X 1 212 1 499 
553 H 1 235 1 403 
554 Y 1 243 1 516 
555 H 1 177 1 87 
556 Y 1 205 0 
557 X 1 230 1 250 
558 H 1 3 1 384 
559 H 1 214 1 404 
560 Y 1 105 1 228 
561 X 1 180 1 519 
562 Y 1 47 1 445 
563 CNOT 2 166 5 2 425 450 
564 H 1 32 1 418 
565 H 1 127 1 142 
566 CNOT 2 1 254 2 216 526 
567 Y 1 188 1 488 
568 X 1 19 1 496 
569 H 1 61 1 501 
570 CNOT 2 60 142 2 432 364 
571 H 1 198 1 497 
572 CNOT 2 196 204 2 489 545 
573 Y 1 171 1 437 
574 CNOT 2 194 176 2 137 429 
575 Y 1 159 1 517 
576 Y 1 151 1 350 
577 CNOT 2 7 118 2 112 372 
578 X 1 128 1 254 
579 CNOT 2 122 201 2 417 538 
580 H 1 46 0 
581 CNOT 2 79 108 2 492 543 
582 X 1 150 1 508 
583 X 1 58 1 200 
584 CNOT 2 110 2 2 433 189 
585 Y 1 211 1 443 
586 Y 1 121 1 373 
587 H 1 171 1 573 
588 Y 1 254 1 566 
589 CNOT 2 236 103 1 360 
590 CNOT 2 249 114 2 188 229 
591 X 1 184 1 86 
592 CNOT 2 138 56 2 460 373 
593 CNOT 2 209 206 2 397 534 
594 Y 1 88 1 257 
595 X 1 178 1 421 
596 X 1 16 1 512 
597 Y 1 210 1 514 
598 Y 1 76 1 473 
599 CNOT 2 77 179 2 539 531 
600 H 1 238 1 540 
601 H 1 166 1 563 
602 Y 1 226 1 507 
603 Y 1 249 1 590 
604 H 1 106 1 220 
605 Y 1 75 1 546 
606 H 1 126 1 524 
607 X 1 79 1 581 
608 H 1 59 1 224 
609 CNOT 2 49 86 2 370 427 
610 X 1 62 0 
611 H 1 161 1 366 
612 CNOT 2 18 196 2 572 500 
613 CNOT 2 18 130 1 612 
614 X 1 167 1 463 
615 CNOT 2 195 41 2 477 525 
616 X 1 107 1 395 
617 X 1 168 1 412 
618 X 1 132 1 251 
619 X 1 235 1 553 
620 X 1 206 1 593 
621 H 1 125 1 218 
622 H 1 213 1 434 
623 X 1 67 1 451 
624 H 1 211 1 585 
625 H 1 147 1 385 
626 CNOT 2 159 135 2 467 575 
627 Y 1 174 1 515 
628 X 1 17 1 407 
629 H 1 224 1 529 
630 X 1 177 1 555 
631 H 1 36 1 319 
632 X 1 249 1 603 
633 X 1 103 1 589 
634 X 1 254 1 588 
635 CNOT 2 65 107 2 616 347 
636 H 1 202 1 382 
637 X 1 253 1 199 
638 H 1 224 1 629 
639 X 1 204 1 572 
640 X 1 115 1 372 
641 H 1 222 1 337 
642 H 1 46 1 580 
643 X 1 222 1 641 
644 Y 1 22 1 377 
645 Y 1 138 1 592 
646 Y 1 156 1 451 
647 H 1 81 1 549 
648 Y 1 194 1 574 
649 Y 1 246 1 402 
650 CNOT 2 25 11 1 537 
651 CNOT 2 139 225 2 453 493 
652 CNOT 2 216 145 2 528 550 
653 Y 1 209 1 593 
654 CNOT 2 59 156 2 608 646 
655 H 1 251 1 533 
656 H 1 12 1 338 
657 Y 1 134 1 481 
658 H 1 207 1 316 
659 X 1 253 1 637 
660 CNOT 2 113 163 2 314 333 
661 Y 1 131 1 155 
662 X 1 0 1 146 
663 CNOT 2 174 34 2 627 444 
664 CNOT 2 111 110 2 584 475 
665 X 1 116 1 15 
666 CNOT 2 119 235 2 544 619 
667 X 1 176 1 574 
668 H 1 175 1 323 
669 CNOT 2 204 39 2 456 639 
670 H 1 249 1 632 
671 H 1 4 1 528 
672 H 1 166 1 601 
673 H 1 22 1 644 
674 H 1 94 1 279 
675 CNOT 2 170 55 2 416 398 
676 H 1 38 1 470 
677 H 1 60 1 570 
678 X 1 124 1 488 
679 CNOT 2 43 123 2 381 478 
680 H 1 116 1 665 
681 CNOT 2 139 20 2 539 651 
682 CNOT 2 176 47 2 562 667 
683 H 1 128 1 578 
684 CNOT 2 119 155 2 666 213 
685 X 1 178 1 595 
686 X 1 67 1 623 
687 Y 1 191 1 186 
688 X 1 73 1 431 
689 CNOT 2 179 197 2 541 599 
690 CNOT 2 10 77 2 222 599 
691 X 1 82 1 480 
692 CNOT 2 33 184 2 419 591 
