64 224
0 CNOT 2 29 8 0 
1 Y 1 47 0 
2 Y 1 7 0 
3 X 1 9 0 
4 H 1 57 1 32 
5 H 1 9 1 3 
6 CNOT 2 15 48 0 
7 X 1 40 0 
8 CNOT 2 52 43 0 
9 X 1 37 0 
10 Y 1 25 0 
11 X 1 2 0 
12 H 1 49 0 
13 CNOT 2 28 15 2 21 6 
14 X 1 47 1 1 
15 CNOT 2 28 60 0 
16 CNOT 2 7 5 1 2 
17 X 1 34 0 
18 CNOT 2 32 52 1 8 
19 Y 1 26 0 
20 Y 1 10 0 
21 Y 1 28 1 15 
22 X 1 17 0 
23 H 1 29 1 0 
24 X 1 18 0 
25 H 1 29 1 23 
26 H 1 21 0 
27 Y 1 17 1 22 
28 H 1 7 1 16 
29 CNOT 2 12 1 0 
30 Y 1 49 1 12 
31 X 1 3 0 
32 Y 1 57 0 
33 Y 1 19 0 
34 X 1 12 1 29 
35 CNOT 2 27 30 0 
36 Y 1 20 0 
37 H 1 45 0 
38 H 1 35 0 
39 CNOT 2 9 55 1 5 
40 X 1 1 1 29 
41 X 1 63 0 
42 Y 1 26 1 19 
43 CNOT 2 43 31 1 8 
44 H 1 4 0 
45 CNOT 2 36 10 1 20 
46 X 1 33 0 
47 X 1 45 1 60 
48 CNOT 2 61 4 1 71 
49 H 1 59 0 
50 Y 1 49 1 30 
51 Y 1 25 1 10 
52 CNOT 2 57 24 1 4 
53 H 1 44 0 
54 X 1 60 1 15 
55 X 1 42 0 
56 H 1 45 1 37 
57 H 1 57 1 52 
58 CNOT 2 28 51 1 13 
59 CNOT 2 45 1 2 40 56 
60 Y 1 45 1 59 
61 Y 1 37 1 9 
62 Y 1 28 1 58 
63 CNOT 2 6 41 0 
64 Y 1 19 1 33 
65 H 1 8 1 0 
66 Y 1 1 1 59 
67 CNOT 2 41 17 2 27 63 
68 CNOT 2 47 58 1 14 
69 Y 1 14 0 
70 CNOT 2 44 51 2 58 53 
71 CNOT 2 4 41 2 67 44 
72 H 1 44 1 70 
73 CNOT 2 41 53 1 71 
74 X 1 29 1 25 
75 CNOT 2 1 56 1 66 
76 H 1 55 1 39 
77 H 1 12 1 34 
78 X 1 25 1 51 
79 Y 1 21 1 26 
80 H 1 32 1 18 
81 H 1 19 1 64 
82 X 1 2 1 11 
83 Y 1 3 1 31 
84 X 1 34 1 17 
85 CNOT 2 14 62 1 69 
86 Y 1 28 1 62 
87 H 1 0 0 
88 CNOT 2 56 3 2 83 75 
89 X 1 7 1 28 
90 Y 1 7 1 89 
91 Y 1 42 1 55 
92 CNOT 2 8 12 2 65 77 
93 H 1 56 1 88 
94 H 1 2 1 82 
95 X 1 11 0 
96 Y 1 39 0 
97 X 1 43 1 43 
98 X 1 30 1 35 
99 X 1 8 1 92 
100 H 1 23 0 
101 Y 1 14 1 203 
102 CNOT 2 52 45 2 193 47 
103 X 1 29 1 137 
104 Y 1 20 1 134 
105 Y 1 40 1 144 
106 CNOT 2 62 0 2 85 87 
107 X 1 63 1 41 
108 X 1 60 1 54 
109 CNOT 2 1 20 2 75 36 
110 H 1 29 1 74 
111 CNOT 2 37 1 2 61 109 
112 CNOT 2 36 21 2 45 79 
113 H 1 14 1 85 
114 Y 1 53 1 73 
115 CNOT 2 59 12 2 49 92 
116 Y 1 22 0 
117 CNOT 2 3 28 2 88 86 
118 CNOT 2 36 63 2 112 107 
119 Y 1 59 1 115 
120 H 1 40 1 7 
121 X 1 25 1 78 
122 X 1 52 1 18 
123 H 1 38 0 
124 Y 1 55 1 76 
125 X 1 47 1 68 
126 Y 1 15 1 13 
127 H 1 20 1 109 
128 Y 1 16 0 
129 CNOT 2 52 0 2 106 122 
130 Y 1 26 1 42 
131 X 1 28 1 117 
132 CNOT 2 25 61 2 48 121 
133 H 1 11 1 95 
134 Y 1 20 1 127 
135 X 1 56 1 93 
136 X 1 11 1 133 
137 CNOT 2 61 29 2 132 110 
138 Y 1 36 1 118 
139 CNOT 2 0 62 2 129 106 
140 X 1 22 1 116 
141 X 1 26 1 130 
142 X 1 18 1 24 
143 X 1 6 1 63 
144 X 1 40 1 120 
145 Y 1 46 0 
146 Y 1 47 1 125 
147 X 1 26 1 141 
148 X 1 63 1 118 
149 X 1 58 1 68 
150 Y 1 10 1 45 
151 X 1 26 1 147 
152 Y 1 51 1 70 
153 CNOT 2 49 57 2 57 50 
154 CNOT 2 31 47 2 146 43 
155 CNOT 2 26 11 2 136 151 
156 X 1 57 1 153 
157 CNOT 2 12 3 2 115 117 
158 CNOT 2 52 49 2 129 153 
159 Y 1 39 1 96 
160 CNOT 2 35 4 2 48 38 
161 CNOT 2 26 17 2 67 155 
162 Y 1 9 1 39 
163 H 1 2 1 94 
164 CNOT 2 52 33 2 158 46 
165 H 1 49 1 158 
166 H 1 37 1 111 
167 Y 1 55 1 124 
168 CNOT 2 41 28 2 73 131 
169 X 1 61 1 137 
170 X 1 19 1 81 
171 CNOT 2 24 39 2 52 159 
172 Y 1 8 1 99 
173 H 1 27 1 35 
174 H 1 0 1 139 
175 Y 1 36 1 138 
176 Y 1 5 1 16 
177 Y 1 1 1 111 
178 H 1 23 1 100 
179 CNOT 2 16 18 2 128 142 
180 X 1 38 1 123 
181 Y 1 50 0 
182 CNOT 2 11 1 2 177 155 
183 X 1 7 1 90 
184 H 1 55 1 167 
185 Y 1 60 1 108 
186 X 1 28 1 168 
187 CNOT 2 44 43 2 72 97 
188 H 1 46 1 145 
189 H 1 56 1 135 
190 X 1 25 1 132 
191 CNOT 2 26 13 1 161 
192 X 1 34 1 84 
193 CNOT 2 59 52 2 164 119 
194 CNOT 2 49 62 2 139 165 
195 CNOT 2 30 37 2 98 166 
196 H 1 12 1 157 
197 Y 1 59 1 193 
198 H 1 42 1 91 
199 CNOT 2 0 48 2 174 6 
200 Y 1 0 1 199 
201 Y 1 36 1 175 
202 X 1 13 1 191 
203 X 1 14 1 113 
204 H 1 38 1 180 
205 X 1 19 1 170 
206 CNOT 2 16 25 2 179 190 
207 H 1 28 1 186 
208 CNOT 2 62 17 2 161 194 
209 CNOT 2 32 54 1 80 
210 H 1 32 1 209 
211 X 1 47 1 154 
212 CNOT 2 2 63 2 163 148 
213 X 1 33 1 164 
214 X 1 42 1 198 
215 Y 1 28 1 207 
216 X 1 0 1 200 
217 H 1 54 1 209 
218 Y 1 6 1 143 
219 Y 1 7 1 183 
220 Y 1 18 1 179 
221 H 1 51 1 152 
222 H 1 30 1 195 
223 CNOT 2 60 17 2 208 185 
