256 908
0 Y 1 164 0 
1 H 1 115 0 
2 X 1 24 0 
3 H 1 146 1 4 
4 X 1 146 0 
5 X 1 220 0 
6 CNOT 2 142 224 0 
7 X 1 71 0 
8 X 1 179 0 
9 H 1 138 0 
10 CNOT 2 41 146 1 3 
11 X 1 33 0 
12 Y 1 242 0 
13 CNOT 2 172 75 0 
14 H 1 52 0 
15 H 1 49 0 
16 H 1 134 0 
17 Y 1 159 0 
18 X 1 59 0 
19 H 1 189 0 
20 H 1 187 1 80 
21 Y 1 68 1 104 
22 H 1 111 0 
23 CNOT 2 56 175 0 
24 X 1 7 0 
25 X 1 166 0 
26 Y 1 121 0 
27 Y 1 27 0 
28 X 1 125 0 
29 H 1 124 0 
30 CNOT 2 249 60 0 
31 CNOT 2 221 252 0 
32 CNOT 2 126 40 0 
33 X 1 90 0 
34 Y 1 21 0 
35 X 1 73 0 
36 H 1 130 0 
37 H 1 198 0 
38 X 1 150 0 
39 X 1 207 0 
40 CNOT 2 98 228 0 
41 H 1 213 0 
42 CNOT 2 170 57 0 
43 Y 1 24 1 2 
44 CNOT 2 37 118 0 
45 CNOT 2 112 226 0 
46 X 1 81 0 
47 X 1 105 0 
48 CNOT 2 240 236 0 
49 H 1 157 0 
50 CNOT 2 89 226 1 45 
51 H 1 84 0 
52 CNOT 2 114 219 1 92 
53 CNOT 2 201 116 0 
54 X 1 200 0 
55 Y 1 29 0 
56 X 1 156 0 
57 H 1 23 1 84 
58 H 1 31 1 67 
59 Y 1 95 0 
60 Y 1 165 0 
61 Y 1 18 0 
62 X 1 198 1 37 
63 H 1 104 0 
64 CNOT 2 155 152 0 
65 CNOT 2 33 126 2 32 11 
66 H 1 93 0 
67 X 1 31 0 
68 Y 1 242 1 12 
69 H 1 141 0 
70 CNOT 2 209 79 0 
71 X 1 100 0 
72 X 1 248 0 
73 CNOT 2 119 161 0 
74 CNOT 2 212 233 0 
75 Y 1 177 0 
76 H 1 125 1 28 
77 Y 1 183 0 
78 CNOT 2 240 53 1 48 
79 X 1 182 0 
80 H 1 187 0 
81 X 1 248 1 72 
82 X 1 216 0 
83 H 1 138 1 9 
84 Y 1 23 0 
85 CNOT 2 50 86 0 
86 Y 1 196 0 
87 Y 1 243 0 
88 H 1 74 0 
89 H 1 67 0 
90 H 1 171 0 
91 X 1 117 0 
92 CNOT 2 114 76 0 
93 X 1 226 1 50 
94 Y 1 68 0 
95 H 1 5 0 
96 H 1 92 0 
97 X 1 66 0 
98 CNOT 2 16 11 0 
99 CNOT 2 195 214 0 
100 X 1 240 1 78 
101 X 1 17 0 
102 H 1 86 1 85 
103 H 1 126 1 65 
104 CNOT 2 225 68 1 94 
105 H 1 153 0 
106 Y 1 101 0 
107 H 1 168 0 
108 H 1 120 0 
109 X 1 87 0 
110 X 1 215 0 
111 X 1 103 0 
112 H 1 164 1 0 
113 CNOT 2 183 11 2 98 77 
114 H 1 205 1 167 
115 H 1 251 1 193 
116 X 1 77 0 
117 CNOT 2 182 10 2 136 123 
118 X 1 100 1 71 
119 CNOT 2 101 226 2 106 93 
120 CNOT 2 0 92 1 96 
121 Y 1 211 0 
122 CNOT 2 160 175 1 23 
123 Y 1 182 1 79 
124 Y 1 253 0 
125 X 1 55 0 
126 CNOT 2 45 116 1 53 
127 H 1 170 1 42 
128 X 1 156 1 56 
129 X 1 115 1 1 
130 H 1 74 1 88 
131 Y 1 127 0 
132 H 1 99 0 
133 CNOT 2 138 165 2 83 60 
134 CNOT 2 222 56 1 23 
135 H 1 201 1 53 
136 CNOT 2 142 10 1 6 
137 CNOT 2 210 140 0 
138 Y 1 13 0 
139 H 1 41 1 10 
140 CNOT 2 16 117 2 98 91 
141 H 1 228 1 40 
142 H 1 247 0 
143 X 1 35 0 
144 H 1 65 0 
145 CNOT 2 134 97 1 16 
146 Y 1 134 1 145 
147 CNOT 2 7 8 1 24 
148 Y 1 42 0 
149 CNOT 2 81 217 1 46 
150 Y 1 118 1 44 
151 CNOT 2 181 170 1 127 
152 CNOT 2 107 76 1 92 
153 Y 1 121 1 26 
154 X 1 156 1 128 
155 Y 1 229 0 
156 Y 1 68 1 21 
157 CNOT 2 50 43 1 85 
158 CNOT 2 121 155 2 64 153 
159 H 1 244 0 
160 X 1 127 1 131 
161 X 1 227 0 
162 H 1 190 0 
163 Y 1 147 0 
164 X 1 56 1 134 
165 X 1 233 1 74 
166 H 1 82 0 
167 CNOT 2 2 205 0 
168 H 1 241 0 
169 X 1 153 1 105 
170 Y 1 244 1 159 
171 H 1 233 1 165 
172 X 1 56 1 164 
173 H 1 219 1 52 
174 Y 1 43 1 157 
175 H 1 151 0 
176 Y 1 220 1 5 
177 X 1 50 1 157 
178 H 1 130 1 36 
179 CNOT 2 40 90 2 32 33 
180 Y 1 187 1 20 
181 CNOT 2 1 229 1 155 
182 X 1 61 0 
183 X 1 66 1 97 
184 CNOT 2 199 18 1 61 
185 X 1 98 1 40 
186 CNOT 2 165 64 1 133 
187 X 1 65 1 144 
188 H 1 157 1 49 
189 Y 1 87 1 109 
190 H 1 123 0 
191 Y 1 117 1 140 
192 Y 1 108 0 
193 H 1 251 0 
194 Y 1 136 0 
195 X 1 170 1 151 
196 H 1 119 1 73 
197 X 1 196 1 86 
198 Y 1 47 0 
199 X 1 46 0 
200 H 1 154 0 
201 H 1 237 0 
202 CNOT 2 217 21 2 34 149 
203 H 1 79 1 70 
204 H 1 48 0 
205 CNOT 2 236 189 2 48 19 
206 CNOT 2 134 168 2 146 107 
207 H 1 4 0 
208 H 1 30 0 
209 Y 1 193 0 
210 X 1 159 1 17 
211 CNOT 2 34 67 1 89 
212 CNOT 2 30 1 2 208 181 
213 H 1 38 0 
214 Y 1 119 1 196 
215 H 1 145 0 
216 CNOT 2 152 103 2 64 111 
217 X 1 87 1 189 
218 Y 1 180 0 
219 Y 1 225 1 104 
220 Y 1 128 0 
221 CNOT 2 10 88 1 341 
222 X 1 244 1 170 
223 CNOT 2 99 154 2 200 385 
224 CNOT 2 143 178 2 426 343 
225 Y 1 246 1 406 
226 CNOT 2 120 205 2 325 414 
227 Y 1 176 1 415 
228 CNOT 2 112 237 2 45 389 
229 H 1 236 1 205 
230 H 1 219 1 255 
231 H 1 127 1 160 
232 CNOT 2 70 246 0 
233 Y 1 46 1 199 
234 H 1 39 0 
235 CNOT 2 211 23 2 57 121 
236 Y 1 216 1 82 
237 X 1 227 1 161 
238 CNOT 2 228 183 2 113 141 
239 Y 1 173 0 
240 H 1 225 1 219 
241 H 1 166 1 25 
242 CNOT 2 201 42 2 148 135 
243 X 1 125 1 76 
244 CNOT 2 87 222 2 217 134 
245 X 1 74 1 130 
246 H 1 47 1 198 
247 CNOT 2 131 47 1 246 
248 Y 1 5 1 95 
249 Y 1 115 1 129 
250 CNOT 2 230 206 0 
251 Y 1 243 1 87 
252 Y 1 174 0 
253 H 1 146 1 10 
254 CNOT 2 43 10 2 117 174 
255 CNOT 2 219 139 1 173 
256 X 1 71 1 7 
257 CNOT 2 27 87 2 27 244 
258 CNOT 2 140 5 2 248 137 
259 Y 1 43 1 254 
260 X 1 181 1 151 
261 H 1 239 0 
262 CNOT 2 203 4 1 207 
263 CNOT 2 212 22 1 74 
264 H 1 211 1 235 
265 X 1 1 1 212 
266 CNOT 2 178 118 1 150 
267 Y 1 213 1 41 
268 H 1 165 1 186 
269 CNOT 2 50 193 2 177 209 
270 CNOT 2 218 123 1 190 
271 X 1 207 1 39 
272 Y 1 165 1 268 
273 X 1 134 1 206 
274 H 1 120 1 108 
275 X 1 26 0 
276 Y 1 107 1 152 
277 CNOT 2 113 140 1 258 
278 H 1 212 1 263 
279 H 1 51 0 
280 X 1 74 1 245 
281 CNOT 2 41 155 2 139 158 
282 CNOT 2 145 184 1 215 
283 CNOT 2 85 193 1 269 
284 Y 1 248 1 81 
285 X 1 93 1 66 
286 CNOT 2 214 57 2 42 99 
287 X 1 149 0 
288 Y 1 76 1 152 
289 H 1 138 1 133 
290 X 1 255 0 
291 CNOT 2 114 99 2 132 52 
292 X 1 61 1 182 
293 Y 1 237 1 201 
294 H 1 170 1 195 
295 X 1 2 1 167 
296 X 1 155 1 281 
297 Y 1 28 0 
298 X 1 133 0 
299 CNOT 2 138 243 2 289 251 
300 X 1 179 1 8 
301 Y 1 27 1 257 
302 CNOT 2 98 231 1 185 
303 CNOT 2 185 40 1 179 
304 CNOT 2 152 200 2 216 54 
305 X 1 227 1 237 
306 Y 1 48 1 204 
307 Y 1 126 1 103 
308 Y 1 17 1 101 
309 H 1 179 1 300 
310 X 1 253 1 124 
311 Y 1 210 1 137 
312 Y 1 101 1 119 
313 CNOT 2 181 151 2 260 175 
314 CNOT 2 210 233 2 171 311 
315 X 1 192 0 
316 Y 1 0 1 120 
317 CNOT 2 231 72 1 302 
318 X 1 161 1 73 
319 Y 1 218 1 270 
320 Y 1 160 1 122 
321 H 1 106 0 
322 CNOT 2 140 107 2 276 277 
323 Y 1 239 1 261 
324 CNOT 2 54 75 1 13 
325 Y 1 205 1 114 
326 Y 1 25 0 
327 CNOT 2 216 133 2 298 236 
328 Y 1 220 1 176 
329 H 1 21 1 202 
330 H 1 105 1 47 
331 X 1 4 1 262 
332 CNOT 2 13 132 1 138 
333 Y 1 41 1 281 
334 X 1 180 1 218 
335 X 1 148 0 
336 CNOT 2 70 2 2 232 295 
337 H 1 212 1 278 
338 X 1 2 1 336 
339 H 1 164 1 112 
340 Y 1 141 1 69 
341 CNOT 2 10 181 2 313 254 
342 H 1 7 1 147 
343 CNOT 2 213 178 2 266 267 
344 CNOT 2 51 96 1 279 
345 Y 1 245 0 
346 X 1 64 1 186 
347 H 1 28 1 297 
348 X 1 38 1 213 
349 CNOT 2 202 104 1 63 
350 Y 1 245 1 345 
351 X 1 193 1 283 
352 Y 1 27 1 301 
353 H 1 161 1 318 
354 X 1 13 1 332 
355 CNOT 2 220 181 2 328 341 
356 H 1 79 1 203 
357 Y 1 140 1 322 
358 CNOT 2 65 58 1 187 
359 CNOT 2 161 113 2 353 277 
360 H 1 237 1 293 
361 CNOT 2 16 31 2 58 140 
362 CNOT 2 180 76 2 288 334 
363 Y 1 150 1 38 
364 H 1 243 1 299 
365 Y 1 229 1 181 
366 Y 1 161 1 359 
367 CNOT 2 95 162 1 59 
368 Y 1 101 1 312 
369 H 1 167 0 
370 X 1 138 1 299 
371 Y 1 17 1 308 
372 H 1 135 0 
373 H 1 107 1 322 
374 Y 1 48 1 306 
375 CNOT 2 91 182 1 117 
376 Y 1 166 1 241 
377 CNOT 2 89 157 2 50 188 
378 X 1 192 1 315 
379 H 1 227 1 305 
380 CNOT 2 69 89 1 377 
381 CNOT 2 101 41 2 368 333 
382 Y 1 82 1 166 
383 Y 1 139 1 255 
384 X 1 45 1 126 
385 Y 1 99 1 291 
386 Y 1 164 1 339 
387 H 1 53 1 78 
388 H 1 177 1 75 
389 CNOT 2 237 232 1 360 
390 Y 1 42 1 242 
391 Y 1 213 1 343 
392 CNOT 2 43 110 1 259 
393 X 1 41 1 381 
394 CNOT 2 141 24 2 43 340 
395 CNOT 2 110 187 2 392 180 
396 H 1 39 1 234 
397 X 1 96 1 344 
398 H 1 176 0 
399 Y 1 136 1 194 
400 CNOT 2 65 247 2 358 142 
401 X 1 68 1 156 
402 H 1 121 1 158 
403 H 1 107 1 373 
404 CNOT 2 207 166 2 376 271 
405 H 1 14 0 
406 CNOT 2 185 246 2 232 303 
407 CNOT 2 223 130 1 178 
408 Y 1 186 0 
409 CNOT 2 162 18 2 184 367 
410 H 1 93 1 285 
411 Y 1 214 1 286 
412 H 1 74 1 280 
413 H 1 64 1 346 
414 X 1 120 1 274 
415 Y 1 176 1 398 
416 CNOT 2 27 136 2 352 399 
417 Y 1 47 1 247 
418 X 1 102 0 
419 H 1 143 0 
420 CNOT 2 9 72 1 317 
421 X 1 16 1 361 
422 X 1 195 1 99 
423 CNOT 2 166 137 1 404 
424 Y 1 54 1 324 
425 H 1 43 1 392 
426 CNOT 2 143 198 2 419 62 
427 CNOT 2 137 239 2 323 423 
428 H 1 145 1 282 
429 X 1 250 0 
430 Y 1 164 1 386 
431 X 1 106 1 321 
432 CNOT 2 31 100 2 361 118 
433 CNOT 2 124 146 2 718 519 
434 Y 1 162 1 724 
435 X 1 113 1 749 
436 Y 1 72 1 647 
437 X 1 53 1 555 
438 Y 1 180 1 793 
439 Y 1 172 1 811 
440 Y 1 60 1 567 
441 Y 1 213 1 391 
442 H 1 77 1 604 
443 CNOT 2 160 98 2 508 590 
444 Y 1 71 1 256 
445 X 1 209 1 70 
446 X 1 171 1 558 
447 H 1 28 1 347 
448 Y 1 118 1 727 
449 CNOT 2 127 165 2 645 767 
450 H 1 171 1 446 
451 H 1 108 1 463 
452 H 1 90 1 813 
453 CNOT 2 197 164 2 465 819 
454 H 1 70 1 490 
455 CNOT 2 175 130 2 122 407 
456 X 1 93 1 410 
457 CNOT 2 214 72 2 411 420 
458 H 1 8 1 147 
459 CNOT 2 250 153 2 169 429 
460 Y 1 232 1 389 
461 H 1 248 1 284 
462 Y 1 35 1 143 
463 Y 1 108 1 192 
464 H 1 39 1 396 
465 X 1 164 1 430 
466 X 1 199 1 184 
467 Y 1 145 1 428 
468 Y 1 252 1 31 
469 Y 1 122 0 
470 X 1 201 1 242 
471 X 1 137 1 427 
472 X 1 190 1 162 
473 X 1 90 1 179 
474 X 1 236 1 229 
475 Y 1 117 1 191 
476 Y 1 78 0 
477 H 1 106 1 431 
478 CNOT 2 230 118 2 250 266 
479 X 1 152 1 304 
480 H 1 106 1 477 
481 X 1 251 1 115 
482 X 1 235 0 
483 Y 1 12 0 
484 CNOT 2 185 192 2 378 406 
485 CNOT 2 33 130 2 65 455 
486 CNOT 2 75 98 2 324 302 
487 Y 1 3 0 
488 H 1 91 1 375 
489 H 1 217 1 202 
490 X 1 70 1 336 
491 CNOT 2 114 7 2 291 342 
492 H 1 228 1 238 
493 H 1 142 1 136 
494 X 1 97 1 145 
495 H 1 195 1 422 
496 CNOT 2 23 92 2 120 235 
497 Y 1 131 1 247 
498 X 1 6 0 
499 H 1 153 1 459 
500 CNOT 2 145 56 2 467 172 
501 H 1 241 1 168 
502 H 1 189 1 205 
503 X 1 58 1 358 
504 CNOT 2 4 98 2 331 486 
505 X 1 215 1 110 
506 X 1 20 0 
507 H 1 199 1 466 
508 CNOT 2 98 19 1 504 
509 H 1 193 1 351 
510 Y 1 38 1 348 
511 CNOT 2 231 240 2 100 317 
512 Y 1 92 1 496 
513 CNOT 2 198 224 2 426 6 
514 CNOT 2 122 226 2 469 119 
515 Y 1 23 1 496 
516 Y 1 78 1 476 
517 CNOT 2 250 169 1 459 
518 CNOT 2 156 40 2 154 303 
519 H 1 146 1 253 
520 CNOT 2 61 237 2 292 228 
521 Y 1 65 1 400 
522 X 1 185 1 484 
523 H 1 46 1 233 
524 Y 1 82 1 382 
525 CNOT 2 201 57 2 470 286 
526 X 1 68 1 401 
527 X 1 149 1 287 
528 Y 1 30 1 212 
529 Y 1 148 1 335 
530 Y 1 40 1 518 
531 CNOT 2 88 42 2 221 390 
532 H 1 183 1 238 
533 H 1 16 1 421 
534 Y 1 86 1 102 
535 X 1 88 1 531 
536 H 1 22 1 263 
537 Y 1 187 1 395 
538 Y 1 211 1 264 
539 CNOT 2 170 204 1 294 
540 CNOT 2 193 191 1 509 
541 Y 1 97 1 494 
542 CNOT 2 172 167 2 369 13 
543 H 1 62 0 
544 CNOT 2 235 145 2 482 500 
545 CNOT 2 190 248 2 472 461 
546 Y 1 69 1 380 
547 Y 1 233 1 314 
548 X 1 29 1 55 
549 X 1 239 1 427 
550 X 1 195 1 495 
551 X 1 2 1 338 
552 Y 1 65 1 521 
553 CNOT 2 189 14 2 405 502 
554 H 1 169 1 517 
555 X 1 53 1 387 
556 H 1 156 1 518 
557 X 1 154 1 223 
558 Y 1 171 1 90 
559 X 1 190 1 545 
560 CNOT 2 214 79 2 457 356 
561 X 1 203 1 262 
562 H 1 11 1 113 
563 H 1 6 1 498 
564 CNOT 2 37 96 2 44 397 
565 CNOT 2 72 121 2 457 402 
566 CNOT 2 78 45 2 384 516 
567 H 1 60 1 30 
568 X 1 40 1 530 
569 CNOT 2 175 166 2 455 423 
570 H 1 77 1 116 
571 H 1 192 1 484 
572 Y 1 119 1 214 
573 Y 1 34 1 211 
574 Y 1 246 1 225 
575 Y 1 31 1 432 
576 X 1 154 1 557 
577 X 1 200 1 304 
578 Y 1 96 1 564 
579 CNOT 2 165 17 2 272 371 
580 X 1 162 1 409 
581 H 1 232 1 460 
582 X 1 254 0 
583 X 1 72 1 565 
584 CNOT 2 255 75 2 290 486 
585 CNOT 2 163 250 1 517 
586 H 1 0 1 316 
587 Y 1 185 1 522 
588 X 1 188 0 
589 CNOT 2 38 227 2 379 510 
590 CNOT 2 160 18 2 320 409 
591 X 1 189 1 553 
592 Y 1 179 1 309 
593 X 1 179 1 592 
594 Y 1 242 1 68 
595 H 1 224 1 513 
596 H 1 1 1 265 
597 CNOT 2 104 129 1 349 
598 X 1 141 1 394 
599 H 1 254 1 582 
600 Y 1 211 1 538 
601 CNOT 2 143 158 1 224 
602 H 1 154 1 576 
603 Y 1 106 1 480 
604 CNOT 2 77 214 2 560 570 
605 X 1 66 1 183 
606 X 1 255 1 584 
607 CNOT 2 235 193 2 544 540 
608 CNOT 2 243 119 2 572 364 
609 CNOT 2 82 93 2 456 524 
610 H 1 143 1 601 
611 CNOT 2 188 199 2 507 588 
612 X 1 15 0 
613 CNOT 2 216 248 2 545 327 
614 X 1 251 1 481 
615 CNOT 2 205 32 1 226 
616 X 1 2 1 551 
617 Y 1 217 1 489 
618 X 1 33 1 485 
619 H 1 135 1 372 
620 CNOT 2 156 91 2 488 556 
621 CNOT 2 155 137 2 296 471 
622 CNOT 2 109 145 1 544 
623 CNOT 2 246 43 2 425 574 
624 H 1 132 1 332 
625 H 1 131 1 497 
626 X 1 194 0 
627 X 1 43 1 623 
628 X 1 159 1 210 
629 H 1 9 1 420 
630 H 1 116 1 126 
631 H 1 250 1 585 
632 H 1 206 1 250 
633 H 1 27 1 416 
634 CNOT 2 229 38 2 365 589 
635 H 1 63 0 
636 X 1 33 1 618 
637 H 1 3 1 487 
638 H 1 30 1 528 
639 H 1 123 1 270 
640 X 1 188 1 611 
641 H 1 168 1 206 
642 CNOT 2 34 43 2 627 573 
643 Y 1 137 1 621 
644 CNOT 2 176 15 2 227 612 
645 X 1 165 1 579 
646 X 1 127 1 231 
647 H 1 72 1 583 
648 CNOT 2 196 110 2 395 197 
649 X 1 240 1 511 
650 H 1 88 1 535 
651 Y 1 230 1 478 
652 X 1 219 1 230 
653 CNOT 2 223 104 2 597 407 
654 X 1 26 1 275 
655 X 1 97 1 541 
656 CNOT 2 116 222 2 244 630 
657 CNOT 2 107 221 2 403 31 
658 Y 1 90 1 473 
659 H 1 38 1 634 
660 Y 1 254 1 599 
661 H 1 185 1 587 
662 CNOT 2 11 152 2 562 479 
663 CNOT 2 228 75 2 584 492 
664 CNOT 2 73 230 2 35 651 
665 CNOT 2 100 183 2 432 532 
666 Y 1 51 1 344 
667 Y 1 50 1 269 
668 CNOT 2 46 185 2 523 661 
669 X 1 102 1 418 
670 Y 1 156 1 620 
671 H 1 19 1 508 
672 Y 1 214 1 604 
673 X 1 166 1 569 
674 CNOT 2 218 139 2 383 319 
675 CNOT 2 23 245 2 515 350 
676 H 1 136 1 416 
677 Y 1 202 1 349 
678 CNOT 2 163 241 2 585 501 
679 CNOT 2 36 65 1 552 
680 Y 1 194 1 626 
681 Y 1 37 1 564 
682 H 1 12 1 483 
683 H 1 128 1 220 
684 X 1 250 1 631 
685 CNOT 2 87 7 2 257 491 
686 CNOT 2 183 61 2 520 665 
687 X 1 245 1 675 
688 CNOT 2 58 32 2 615 503 
689 H 1 183 1 686 
690 H 1 230 1 664 
691 Y 1 50 1 667 
692 CNOT 2 73 193 2 664 607 
693 H 1 22 1 536 
694 X 1 106 1 603 
695 H 1 159 1 628 
696 X 1 104 1 653 
697 Y 1 75 1 663 
698 CNOT 2 45 198 2 513 566 
699 H 1 233 1 547 
700 CNOT 2 5 236 2 258 474 
701 CNOT 2 249 82 2 609 30 
702 CNOT 2 92 163 2 512 678 
703 CNOT 2 7 84 2 51 685 
704 Y 1 75 1 697 
705 CNOT 2 255 54 2 424 606 
706 X 1 2 1 616 
707 CNOT 2 255 134 2 273 705 
708 H 1 40 1 568 
709 H 1 229 1 634 
710 Y 1 11 1 662 
711 CNOT 2 78 44 1 566 
712 X 1 254 1 660 
713 CNOT 2 193 11 2 692 710 
714 CNOT 2 61 202 2 677 686 
715 H 1 212 1 337 
716 X 1 95 1 367 
717 Y 1 254 1 712 
718 CNOT 2 124 82 2 29 701 
719 H 1 19 1 671 
720 X 1 177 1 388 
721 CNOT 2 192 216 2 571 613 
722 Y 1 20 1 506 
723 Y 1 13 1 354 
724 Y 1 162 1 580 
725 Y 1 106 1 694 
726 CNOT 2 69 22 2 546 693 
727 X 1 118 1 478 
728 X 1 57 1 525 
729 CNOT 2 45 130 2 698 485 
730 H 1 216 1 721 
731 Y 1 170 1 539 
732 X 1 101 1 381 
733 X 1 25 1 326 
734 X 1 204 1 539 
735 X 1 19 1 719 
736 H 1 156 1 670 
737 Y 1 99 1 223 
738 CNOT 2 20 90 2 658 722 
739 X 1 80 0 
740 X 1 189 1 591 
741 CNOT 2 139 191 2 674 540 
742 CNOT 2 80 198 2 698 739 
743 Y 1 211 1 600 
744 H 1 115 1 249 
745 Y 1 66 1 605 
746 Y 1 65 1 679 
747 H 1 45 1 729 
748 Y 1 116 1 656 
749 X 1 113 1 359 
750 CNOT 2 2 27 2 633 706 
751 CNOT 2 45 114 2 491 747 
752 Y 1 243 1 608 
753 CNOT 2 43 54 2 705 642 
754 Y 1 212 1 715 
755 CNOT 2 82 38 2 659 718 
756 Y 1 17 1 579 
757 Y 1 8 1 458 
758 CNOT 2 137 80 2 643 742 
759 X 1 26 1 654 
760 Y 1 176 1 644 
761 H 1 121 1 565 
762 H 1 56 1 500 
763 X 1 85 1 283 
764 Y 1 152 1 662 
765 X 1 130 1 729 
766 Y 1 244 1 222 
767 X 1 127 1 646 
768 CNOT 2 56 38 2 762 755 
769 H 1 170 1 731 
770 H 1 106 1 725 
771 CNOT 2 177 205 2 720 615 
772 H 1 237 1 520 
773 H 1 148 1 529 
774 Y 1 131 1 625 
775 X 1 73 1 692 
776 X 1 194 1 680 
777 Y 1 54 1 753 
778 H 1 188 1 640 
779 CNOT 2 223 44 2 653 711 
780 H 1 61 1 714 
781 Y 1 211 1 743 
782 X 1 238 0 
783 CNOT 2 158 143 2 601 610 
784 H 1 178 1 224 
785 X 1 105 1 330 
786 CNOT 2 189 24 2 394 740 
787 CNOT 2 166 24 2 673 786 
788 H 1 195 1 550 
789 H 1 44 1 779 
790 Y 1 246 1 623 
791 CNOT 2 148 120 2 226 773 
792 CNOT 2 190 110 2 648 559 
793 CNOT 2 21 180 2 329 362 
794 X 1 36 1 679 
795 Y 1 250 1 684 
796 Y 1 219 1 652 
797 Y 1 178 1 784 
798 H 1 24 1 787 
799 X 1 187 1 537 
800 X 1 97 1 655 
801 Y 1 202 1 714 
802 Y 1 227 1 589 
803 X 1 56 1 768 
804 X 1 34 1 642 
805 H 1 85 1 763 
806 CNOT 2 85 207 2 404 805 
807 X 1 56 1 803 
808 X 1 46 1 668 
809 CNOT 2 136 156 2 736 676 
810 Y 1 67 1 211 
811 X 1 172 1 542 
812 CNOT 2 9 173 2 629 239 
813 CNOT 2 38 90 2 768 738 
814 H 1 200 1 577 
815 X 1 64 1 413 
816 X 1 190 1 792 
817 CNOT 2 16 224 2 595 533 
818 H 1 253 1 310 
819 X 1 197 0 
820 X 1 75 1 704 
821 X 1 174 1 252 
822 X 1 142 1 493 
823 X 1 133 1 327 
824 Y 1 231 1 511 
825 Y 1 91 1 620 
826 Y 1 174 1 821 
827 Y 1 185 1 668 
828 Y 1 51 1 666 
829 Y 1 186 1 408 
830 X 1 65 1 746 
831 H 1 30 1 638 
832 H 1 156 1 809 
833 CNOT 2 23 158 2 675 783 
834 H 1 224 1 817 
835 H 1 158 1 833 
836 X 1 201 1 525 
837 H 1 79 1 560 
838 Y 1 84 1 703 
839 Y 1 203 1 561 
840 H 1 245 1 687 
841 X 1 67 1 810 
842 X 1 187 1 799 
843 X 1 195 1 788 
844 Y 1 56 1 807 
845 Y 1 135 1 619 
846 Y 1 59 1 18 
847 Y 1 33 1 636 
848 CNOT 2 233 48 2 699 374 
849 X 1 22 1 726 
850 CNOT 2 249 164 2 453 701 
851 X 1 141 1 598 
852 H 1 6 1 563 
853 CNOT 2 82 165 2 449 755 
854 X 1 173 1 812 
855 X 1 250 1 795 
856 H 1 62 1 543 
857 CNOT 2 28 246 2 790 447 
858 H 1 89 1 380 
859 Y 1 168 1 641 
860 X 1 234 0 
861 CNOT 2 147 17 2 163 756 
862 CNOT 2 59 234 2 860 846 
863 H 1 240 1 649 
864 CNOT 2 193 25 2 713 733 
865 H 1 151 1 313 
866 Y 1 117 1 475 
867 Y 1 88 1 650 
868 X 1 104 1 696 
869 Y 1 184 1 282 
870 H 1 65 1 830 
871 CNOT 2 25 96 2 864 578 
872 H 1 31 1 575 
873 H 1 51 1 828 
874 Y 1 255 1 707 
875 X 1 116 1 748 
876 H 1 201 1 836 
877 CNOT 2 189 100 2 665 786 
878 Y 1 62 1 856 
879 X 1 28 1 857 
880 Y 1 227 1 802 
881 H 1 237 1 772 
882 H 1 78 1 711 
883 Y 1 68 1 526 
884 X 1 113 1 435 
885 H 1 18 1 590 
886 H 1 206 1 632 
887 H 1 14 1 553 
888 X 1 167 1 542 
889 X 1 99 1 737 
890 CNOT 2 245 84 2 840 838 
891 CNOT 2 222 128 2 656 683 
892 Y 1 232 1 581 
893 Y 1 104 1 868 
894 CNOT 2 34 171 2 450 804 
895 X 1 94 0 
896 CNOT 2 108 224 2 834 451 
897 Y 1 97 1 800 
898 CNOT 2 112 233 2 848 228 
899 H 1 213 1 441 
900 H 1 113 1 884 
901 Y 1 220 1 355 
902 Y 1 173 1 854 
903 X 1 250 1 855 
904 X 1 43 1 753 
905 CNOT 2 58 192 2 688 721 
906 Y 1 174 1 826 
907 Y 1 15 1 644 
