231 236
0 H 1 80 0 
1 X 1 205 0 
2 Y 1 56 0 
3 H 1 4 0 
4 X 1 44 0 
5 Y 1 64 0 
6 H 1 105 0 
7 H 1 97 0 
8 X 1 199 0 
9 X 1 75 0 
10 Y 1 10 0 
11 H 1 74 0 
12 CNOT 2 88 221 0 
13 X 1 69 0 
14 CNOT 2 63 138 0 
15 H 1 21 0 
16 CNOT 2 211 136 0 
17 X 1 213 0 
18 CNOT 2 20 38 0 
19 Y 1 97 1 7 
20 X 1 126 0 
21 X 1 127 0 
22 Y 1 88 1 12 
23 X 1 132 0 
24 Y 1 12 0 
25 X 1 210 0 
26 X 1 123 0 
27 X 1 111 0 
28 Y 1 181 0 
29 CNOT 2 208 228 0 
30 H 1 209 0 
31 X 1 222 0 
32 Y 1 82 0 
33 X 1 152 0 
34 H 1 175 0 
35 CNOT 2 183 24 0 
36 X 1 211 1 16 
37 H 1 147 0 
38 Y 1 104 0 
39 Y 1 220 0 
40 H 1 47 0 
41 H 1 42 0 
42 X 1 227 0 
43 X 1 39 0 
44 X 1 200 0 
45 X 1 188 0 
46 CNOT 2 199 104 2 8 38 
47 Y 1 170 0 
48 CNOT 2 66 189 0 
49 X 1 62 0 
50 H 1 30 0 
51 H 1 182 0 
52 H 1 15 0 
53 H 1 205 1 1 
54 X 1 196 1 142 
55 Y 1 155 0 
56 Y 1 212 0 
57 Y 1 125 1 98 
58 CNOT 2 140 114 0 
59 Y 1 106 0 
60 CNOT 2 22 145 0 
61 CNOT 2 136 185 1 16 
62 H 1 128 0 
63 CNOT 2 102 10 1 10 
64 H 1 181 1 28 
65 H 1 171 0 
66 H 1 98 0 
67 X 1 59 0 
68 H 1 171 1 65 
69 Y 1 41 0 
70 CNOT 2 113 80 1 0 
71 H 1 141 0 
72 CNOT 2 193 192 0 
73 X 1 143 0 
74 Y 1 74 1 11 
75 X 1 149 0 
76 CNOT 2 103 58 0 
77 Y 1 219 0 
78 CNOT 2 3 9 0 
79 Y 1 225 0 
80 H 1 40 0 
81 H 1 166 0 
82 Y 1 3 1 78 
83 Y 1 134 0 
84 H 1 36 0 
85 CNOT 2 136 76 1 61 
86 X 1 175 1 34 
87 Y 1 21 1 15 
88 H 1 146 0 
89 Y 1 65 0 
90 CNOT 2 89 53 0 
91 H 1 49 0 
92 Y 1 65 1 89 
93 Y 1 83 0 
94 CNOT 2 118 183 1 35 
95 H 1 33 0 
96 CNOT 2 157 209 1 30 
97 CNOT 2 195 136 1 85 
98 H 1 125 0 
99 X 1 34 0 
100 X 1 195 1 97 
101 H 1 117 0 
102 Y 1 66 1 48 
103 Y 1 102 1 63 
104 X 1 24 1 35 
105 H 1 91 0 
106 X 1 104 1 46 
107 Y 1 136 1 97 
108 Y 1 7 0 
109 H 1 59 1 67 
110 X 1 115 1 161 
111 H 1 92 1 133 
112 H 1 220 1 39 
113 H 1 78 1 130 
114 CNOT 2 69 8 2 204 13 
115 Y 1 190 0 
116 H 1 102 1 103 
117 CNOT 2 61 37 0 
118 Y 1 183 1 94 
119 X 1 186 0 
120 H 1 75 1 9 
121 CNOT 2 30 120 1 50 
122 CNOT 2 110 117 1 101 
123 Y 1 77 0 
124 H 1 1 0 
125 Y 1 124 0 
126 H 1 139 0 
127 X 1 199 1 46 
128 CNOT 2 42 180 1 41 
129 CNOT 2 108 102 1 116 
130 X 1 78 0 
131 CNOT 2 46 85 0 
132 X 1 38 1 18 
133 CNOT 2 92 24 1 104 
134 X 1 139 1 126 
135 X 1 97 1 19 
136 CNOT 2 178 221 1 12 
137 CNOT 2 203 225 1 79 
138 Y 1 151 0 
139 X 1 134 1 83 
140 Y 1 174 0 
141 Y 1 177 0 
142 H 1 196 0 
143 H 1 76 1 85 
144 H 1 7 1 108 
145 H 1 140 1 58 
146 Y 1 151 1 138 
147 Y 1 161 0 
148 Y 1 76 1 143 
149 H 1 176 0 
150 X 1 72 0 
151 H 1 177 1 141 
152 Y 1 53 1 90 
153 CNOT 2 164 96 0 
154 Y 1 94 0 
155 CNOT 2 65 139 2 92 134 
156 H 1 34 1 99 
157 CNOT 2 27 219 1 77 
158 Y 1 199 1 127 
159 X 1 218 0 
160 Y 1 26 0 
161 X 1 115 0 
162 Y 1 217 0 
163 Y 1 31 0 
164 X 1 191 0 
165 CNOT 2 217 189 2 48 162 
166 X 1 192 1 72 
167 CNOT 2 77 50 1 123 
168 H 1 7 1 144 
169 CNOT 2 132 66 2 102 23 
170 H 1 229 0 
171 Y 1 7 1 168 
172 H 1 61 1 117 
173 CNOT 2 161 24 2 147 133 
174 H 1 219 1 157 
175 H 1 173 0 
176 Y 1 13 0 
177 Y 1 18 0 
178 X 1 169 0 
179 X 1 116 0 
180 H 1 132 1 169 
181 Y 1 146 1 88 
182 CNOT 2 159 192 1 166 
183 Y 1 168 0 
184 CNOT 2 35 51 0 
185 Y 1 90 0 
186 CNOT 2 62 15 2 49 52 
187 H 1 158 0 
188 X 1 14 0 
189 CNOT 2 114 59 2 58 109 
190 H 1 200 1 44 
191 H 1 187 0 
192 H 1 89 1 90 
193 H 1 113 1 70 
194 X 1 64 1 5 
195 CNOT 2 130 84 0 
196 CNOT 2 223 198 0 
197 H 1 57 0 
198 H 1 207 0 
199 X 1 216 0 
200 CNOT 2 111 192 2 27 182 
201 Y 1 135 0 
202 X 1 188 1 45 
203 H 1 22 1 60 
204 CNOT 2 82 8 1 32 
205 X 1 163 0 
206 CNOT 2 168 101 1 183 
207 H 1 23 0 
208 X 1 196 1 54 
209 H 1 104 1 106 
210 CNOT 2 124 172 1 125 
211 H 1 196 1 208 
212 Y 1 155 1 55 
213 CNOT 2 104 130 2 209 195 
214 H 1 22 1 203 
215 X 1 133 0 
216 Y 1 227 1 42 
217 CNOT 2 34 223 2 196 156 
218 H 1 8 1 114 
219 H 1 146 1 181 
220 H 1 87 0 
221 Y 1 21 1 87 
222 Y 1 31 1 163 
223 X 1 60 0 
224 CNOT 2 91 133 2 105 215 
225 CNOT 2 62 100 1 186 
226 CNOT 2 117 11 1 122 
227 CNOT 2 154 223 1 217 
228 X 1 200 1 190 
229 X 1 161 1 173 
230 CNOT 2 93 191 1 164 
231 X 1 215 0 
232 H 1 179 0 
233 CNOT 2 89 152 2 192 33 
234 X 1 174 1 140 
235 CNOT 2 172 37 2 210 117 
