16 109
0 Y 1 5 0 
1 H 1 6 0 
2 Y 1 8 0 
3 H 1 9 0 
4 X 1 8 1 2 
5 X 1 0 0 
6 CNOT 2 0 12 1 5 
7 Y 1 1 0 
8 H 1 11 0 
9 CNOT 2 9 8 2 3 4 
10 X 1 4 0 
11 Y 1 5 1 0 
12 X 1 1 1 7 
13 X 1 15 0 
14 Y 1 10 0 
15 CNOT 2 9 10 2 16 22 
16 CNOT 2 9 3 1 9 
17 X 1 11 1 8 
18 X 1 10 1 14 
19 X 1 13 0 
20 CNOT 2 6 2 1 1 
21 H 1 10 1 18 
22 Y 1 10 1 21 
23 H 1 3 1 16 
24 Y 1 12 1 6 
25 H 1 12 1 24 
26 X 1 8 1 9 
27 CNOT 2 4 3 2 43 35 
28 CNOT 2 0 8 2 50 52 
29 CNOT 2 15 1 2 12 13 
30 CNOT 2 6 11 2 17 20 
31 CNOT 2 3 5 2 11 23 
32 H 1 7 0 
33 X 1 8 1 26 
34 H 1 9 1 15 
35 X 1 4 1 10 
36 CNOT 2 9 10 2 34 15 
37 Y 1 10 1 36 
38 Y 1 0 1 6 
39 H 1 10 1 37 
40 Y 1 0 1 38 
41 X 1 8 1 33 
42 CNOT 2 1 7 2 32 29 
43 H 1 3 1 31 
44 X 1 2 1 20 
45 X 1 10 1 39 
46 H 1 12 1 25 
47 H 1 9 1 36 
48 CNOT 2 5 14 1 31 
49 H 1 14 1 48 
50 X 1 0 1 40 
51 CNOT 2 6 9 2 30 47 
52 CNOT 2 8 10 2 41 45 
53 H 1 12 1 46 
54 CNOT 2 0 8 2 102 70 
55 H 1 2 1 44 
56 H 1 13 1 19 
57 H 1 4 1 27 
58 Y 1 0 1 28 
59 Y 1 0 1 58 
60 X 1 7 1 42 
61 Y 1 8 1 28 
62 H 1 8 1 61 
63 CNOT 2 3 9 2 51 27 
64 X 1 8 1 62 
65 Y 1 7 1 60 
66 CNOT 2 0 12 2 59 53 
67 CNOT 2 12 1 2 42 66 
68 Y 1 2 1 55 
69 Y 1 10 1 52 
70 H 1 8 1 64 
71 X 1 0 1 66 
72 X 1 15 1 29 
73 Y 1 5 1 48 
74 CNOT 2 2 7 2 65 68 
75 X 1 2 1 74 
76 Y 1 15 1 72 
77 Y 1 4 1 57 
78 H 1 11 1 30 
79 Y 1 2 1 75 
80 X 1 0 1 71 
81 H 1 15 1 76 
82 Y 1 13 1 56 
83 H 1 6 1 51 
84 H 1 9 1 63 
85 X 1 11 1 78 
86 Y 1 11 1 85 
87 H 1 10 1 69 
88 H 1 1 1 67 
89 Y 1 9 1 84 
90 CNOT 2 10 0 2 80 87 
91 H 1 9 1 89 
92 X 1 1 1 88 
93 Y 1 0 1 90 
94 X 1 12 1 67 
95 H 1 10 1 90 
96 H 1 10 1 95 
97 CNOT 2 1 12 2 92 94 
98 X 1 11 1 86 
99 H 1 12 1 97 
100 CNOT 2 1 2 2 97 79 
101 H 1 0 1 93 
102 CNOT 2 0 2 2 100 101 
103 X 1 0 1 54 
104 X 1 8 1 54 
105 CNOT 2 10 13 2 96 82 
106 Y 1 9 1 91 
107 H 1 5 1 73 
108 Y 1 8 1 104 
