16 59
0 Y 1 12 0 
1 CNOT 2 6 2 0 
2 X 1 13 0 
3 H 1 1 0 
4 Y 1 7 0 
5 H 1 11 0 
6 CNOT 2 0 9 0 
7 X 1 9 1 6 
8 X 1 0 1 6 
9 CNOT 2 0 3 1 8 
10 H 1 11 1 5 
11 Y 1 9 1 7 
12 H 1 6 1 1 
13 X 1 6 1 12 
14 X 1 5 0 
15 H 1 14 0 
16 CNOT 2 8 15 0 
17 X 1 5 1 14 
18 CNOT 2 3 11 2 9 10 
19 Y 1 13 1 2 
20 CNOT 2 14 4 1 15 
21 H 1 11 1 18 
22 H 1 8 1 16 
23 Y 1 0 1 9 
24 H 1 6 1 13 
25 CNOT 2 9 10 1 11 
26 X 1 3 1 18 
27 Y 1 2 1 1 
28 X 1 12 1 0 
29 X 1 10 1 25 
30 Y 1 11 1 50 
31 CNOT 2 3 11 2 26 21 
32 CNOT 2 14 0 2 20 23 
33 CNOT 2 14 1 2 32 3 
34 Y 1 9 1 25 
35 Y 1 6 1 24 
36 H 1 13 1 19 
37 X 1 13 1 36 
38 CNOT 2 11 1 2 33 31 
39 Y 1 8 1 22 
40 X 1 1 1 38 
41 X 1 11 1 38 
42 CNOT 2 10 7 2 4 29 
43 Y 1 15 1 16 
44 CNOT 2 3 8 2 39 31 
45 H 1 0 1 32 
46 CNOT 2 5 6 2 17 35 
47 CNOT 2 6 13 2 37 46 
48 CNOT 2 3 1 2 40 44 
49 H 1 3 1 48 
50 X 1 11 1 41 
51 Y 1 8 1 44 
52 H 1 6 1 47 
53 Y 1 5 1 46 
54 CNOT 2 2 1 2 48 27 
55 H 1 11 1 30 
56 X 1 12 1 28 
57 CNOT 2 7 9 2 34 42 
58 X 1 4 1 20 
