8 60
0 H 1 3 0 
1 Y 1 3 1 0 
2 CNOT 2 3 6 1 1 
3 H 1 2 0 
4 Y 1 2 1 3 
5 X 1 0 1 13 
6 Y 1 6 1 2 
7 Y 1 4 0 
8 Y 1 4 1 7 
9 Y 1 3 1 2 
10 CNOT 2 4 6 2 8 6 
11 Y 1 7 0 
12 X 1 0 0 
13 Y 1 0 1 12 
14 CNOT 2 0 5 1 5 
15 CNOT 2 0 4 2 10 14 
16 Y 1 3 1 9 
17 Y 1 7 1 11 
18 Y 1 0 1 15 
19 H 1 6 1 10 
20 H 1 5 1 14 
21 CNOT 2 5 1 1 20 
22 Y 1 2 1 4 
23 Y 1 1 1 21 
24 H 1 3 1 16 
25 X 1 3 1 24 
26 Y 1 5 1 21 
27 H 1 7 1 17 
28 CNOT 2 4 7 2 55 47 
29 CNOT 2 3 5 2 48 54 
30 CNOT 2 5 3 2 25 26 
31 CNOT 2 6 0 2 18 19 
32 Y 1 0 1 31 
33 X 1 5 1 30 
34 Y 1 6 1 31 
35 Y 1 7 1 27 
36 H 1 1 1 23 
37 X 1 5 1 33 
38 CNOT 2 2 6 2 34 22 
39 Y 1 4 1 15 
40 CNOT 2 0 5 2 32 37 
41 H 1 3 1 30 
42 Y 1 3 1 41 
43 H 1 4 1 39 
44 H 1 4 1 43 
45 H 1 7 1 35 
46 CNOT 2 4 0 2 40 44 
47 CNOT 2 7 3 2 42 45 
48 X 1 5 1 40 
49 CNOT 2 6 3 2 38 47 
50 CNOT 2 3 4 2 49 46 
51 X 1 1 1 36 
52 Y 1 4 1 50 
53 CNOT 2 6 0 2 49 46 
54 Y 1 3 1 50 
55 H 1 4 1 52 
56 Y 1 6 1 53 
57 CNOT 2 5 2 2 29 38 
58 X 1 7 1 28 
59 Y 1 1 1 51 
