16 62
0 H 1 10 0 
1 X 1 15 0 
2 H 1 1 0 
3 X 1 6 0 
4 H 1 4 0 
5 Y 1 11 0 
6 Y 1 8 0 
7 Y 1 5 0 
8 X 1 2 0 
9 CNOT 2 8 15 2 1 6 
10 X 1 13 0 
11 CNOT 2 8 11 2 9 5 
12 X 1 12 0 
13 Y 1 7 0 
14 Y 1 11 1 11 
15 CNOT 2 12 9 1 12 
16 CNOT 2 12 0 1 15 
17 X 1 15 1 9 
18 X 1 15 1 17 
19 CNOT 2 12 0 1 16 
20 H 1 11 1 14 
21 X 1 12 1 19 
22 CNOT 2 9 0 2 19 15 
23 CNOT 2 2 10 2 0 8 
24 X 1 12 1 21 
25 CNOT 2 7 4 2 4 13 
26 CNOT 2 1 9 2 45 55 
27 CNOT 2 0 6 2 48 28 
28 Y 1 0 1 22 
29 Y 1 1 1 2 
30 X 1 10 1 23 
31 X 1 7 1 25 
32 H 1 3 0 
33 CNOT 2 14 5 1 7 
34 CNOT 2 1 9 2 29 22 
35 Y 1 5 1 33 
36 Y 1 12 1 24 
37 Y 1 9 1 34 
38 H 1 8 1 11 
39 H 1 10 1 30 
40 X 1 8 1 38 
41 CNOT 2 1 11 2 34 20 
42 Y 1 4 1 25 
43 CNOT 2 13 2 2 10 23 
44 Y 1 10 1 39 
45 X 1 9 1 37 
46 Y 1 6 1 3 
47 CNOT 2 3 10 2 32 44 
48 H 1 6 1 46 
49 H 1 1 1 41 
50 H 1 12 1 36 
51 Y 1 11 1 41 
52 X 1 3 1 47 
53 Y 1 14 1 33 
54 CNOT 2 14 8 2 40 53 
55 Y 1 1 1 49 
56 X 1 15 1 18 
57 H 1 9 1 26 
58 Y 1 5 1 35 
59 X 1 13 1 43 
60 CNOT 2 15 8 2 56 54 
61 X 1 15 1 60 
