31 453
0 Y 1 9 0 
1 Y 1 0 0 
2 Y 1 18 0 
3 X 1 8 0 
4 H 1 22 0 
5 CNOT 2 19 22 1 4 
6 Y 1 0 1 1 
7 CNOT 2 0 10 1 6 
8 X 1 17 0 
9 H 1 10 1 7 
10 H 1 19 1 5 
11 CNOT 2 22 16 1 5 
12 CNOT 2 2 12 0 
13 CNOT 2 28 23 0 
14 X 1 0 1 7 
15 Y 1 10 1 9 
16 Y 1 20 0 
17 H 1 25 0 
18 Y 1 19 1 10 
19 CNOT 2 26 9 1 0 
20 Y 1 25 1 17 
21 Y 1 19 1 18 
22 H 1 10 1 15 
23 X 1 10 1 22 
24 X 1 14 0 
25 Y 1 16 1 11 
26 H 1 7 0 
27 H 1 25 1 20 
28 H 1 22 1 11 
29 X 1 19 1 21 
30 H 1 19 1 29 
31 Y 1 11 0 
32 H 1 21 0 
33 Y 1 17 1 8 
34 X 1 25 1 27 
35 Y 1 23 1 13 
36 Y 1 22 1 28 
37 H 1 2 1 12 
38 Y 1 9 1 19 
39 CNOT 2 0 7 2 26 14 
40 X 1 4 0 
41 Y 1 16 1 25 
42 Y 1 14 1 24 
43 X 1 4 1 40 
44 Y 1 2 1 37 
45 Y 1 29 0 
46 X 1 19 1 30 
47 CNOT 2 19 8 2 3 46 
48 Y 1 23 1 35 
49 X 1 28 1 13 
50 X 1 14 1 42 
51 H 1 20 1 16 
52 X 1 7 1 39 
53 X 1 10 1 23 
54 CNOT 2 25 19 2 34 47 
55 Y 1 23 1 48 
56 H 1 7 1 102 
57 CNOT 2 8 10 2 101 47 
58 H 1 19 1 54 
59 X 1 0 1 39 
60 Y 1 19 1 58 
61 Y 1 7 1 52 
62 H 1 21 1 32 
63 X 1 6 0 
64 CNOT 2 26 10 2 19 53 
65 CNOT 2 30 21 1 62 
66 CNOT 2 9 22 2 36 38 
67 Y 1 16 1 41 
68 X 1 21 1 65 
69 CNOT 2 22 30 2 65 66 
70 CNOT 2 25 7 2 61 54 
71 H 1 22 1 69 
72 X 1 0 1 59 
73 Y 1 21 1 68 
74 CNOT 2 7 23 2 70 55 
75 X 1 22 1 71 
76 H 1 2 1 44 
77 H 1 10 1 64 
78 H 1 19 1 60 
79 CNOT 2 28 23 2 49 74 
80 X 1 0 1 72 
81 X 1 14 1 50 
82 H 1 25 1 70 
83 CNOT 2 25 26 2 64 82 
84 X 1 7 1 74 
85 H 1 2 1 76 
86 Y 1 21 1 73 
87 Y 1 17 1 33 
88 CNOT 2 21 16 2 67 86 
89 X 1 27 0 
90 H 1 21 1 88 
91 CNOT 2 22 19 2 75 78 
92 Y 1 12 1 12 
93 CNOT 2 25 4 2 83 43 
94 Y 1 22 1 91 
95 H 1 13 0 
96 CNOT 2 23 0 2 80 79 
97 CNOT 2 4 0 2 96 93 
98 X 1 21 1 90 
99 Y 1 7 1 84 
100 CNOT 2 17 7 2 99 87 
101 CNOT 2 23 10 2 96 77 
102 Y 1 7 1 100 
103 CNOT 2 28 30 2 69 79 
104 Y 1 17 1 100 
105 Y 1 23 1 101 
106 CNOT 2 23 0 2 197 183 
107 X 1 28 1 134 
108 H 1 29 1 199 
109 CNOT 2 25 2 2 198 199 
110 CNOT 2 0 7 2 193 106 
111 CNOT 2 19 2 2 109 183 
112 CNOT 2 23 1 1 106 
113 X 1 8 1 57 
114 X 1 19 1 91 
115 X 1 14 1 81 
116 X 1 28 1 103 
117 CNOT 2 16 21 2 88 98 
118 H 1 28 1 116 
119 Y 1 4 1 97 
120 Y 1 18 1 2 
121 H 1 21 1 117 
122 H 1 23 1 105 
123 X 1 4 1 119 
124 X 1 4 1 123 
125 Y 1 23 1 122 
126 CNOT 2 4 19 2 114 124 
127 Y 1 26 1 83 
128 Y 1 19 1 126 
129 X 1 4 1 126 
130 X 1 12 1 92 
131 X 1 23 1 125 
132 Y 1 8 1 113 
133 Y 1 26 1 127 
134 X 1 28 1 118 
135 CNOT 2 25 22 2 93 94 
136 H 1 21 1 121 
137 X 1 21 1 136 
138 CNOT 2 8 12 2 130 132 
139 X 1 8 1 138 
140 H 1 2 1 85 
141 X 1 10 1 57 
142 Y 1 14 1 115 
143 H 1 26 1 133 
144 CNOT 2 22 19 2 128 135 
145 CNOT 2 10 21 2 137 141 
146 CNOT 2 26 10 2 145 143 
147 CNOT 2 5 4 1 129 
148 H 1 12 1 138 
149 CNOT 2 29 24 1 45 
150 CNOT 2 14 27 2 89 142 
151 X 1 27 1 150 
152 X 1 10 1 146 
153 Y 1 8 1 139 
154 Y 1 26 1 146 
155 CNOT 2 19 27 2 144 151 
156 CNOT 2 16 21 2 145 117 
157 Y 1 7 1 56 
158 X 1 10 1 152 
159 X 1 7 1 157 
160 H 1 25 1 135 
161 CNOT 2 21 27 2 155 156 
162 Y 1 29 1 149 
163 H 1 13 1 95 
164 H 1 13 1 163 
165 Y 1 16 1 156 
166 H 1 17 1 104 
167 H 1 8 1 153 
168 Y 1 19 1 155 
169 Y 1 7 1 159 
170 CNOT 2 20 29 2 162 51 
171 X 1 19 1 168 
172 X 1 0 1 97 
173 X 1 17 1 166 
174 H 1 21 1 161 
175 H 1 25 1 160 
176 Y 1 2 1 140 
177 H 1 10 1 158 
178 H 1 7 1 169 
179 Y 1 23 1 131 
180 X 1 6 1 63 
181 H 1 7 1 178 
182 X 1 0 1 172 
183 CNOT 2 23 19 2 171 179 
184 Y 1 6 1 180 
185 X 1 17 1 173 
186 H 1 24 1 149 
187 H 1 25 1 175 
188 Y 1 10 1 177 
189 CNOT 2 8 27 2 161 167 
190 H 1 10 1 188 
191 H 1 10 1 190 
192 X 1 4 1 147 
193 CNOT 2 9 7 2 66 181 
194 Y 1 10 1 191 
195 Y 1 2 1 176 
196 X 1 22 1 144 
197 X 1 0 1 182 
198 X 1 2 1 195 
199 CNOT 2 25 29 2 170 187 
200 Y 1 22 1 196 
201 H 1 20 1 170 
202 CNOT 2 4 16 2 192 165 
203 Y 1 20 1 201 
204 H 1 9 1 193 
205 X 1 16 1 202 
206 X 1 8 1 189 
207 X 1 9 1 204 
208 H 1 27 1 189 
209 H 1 21 1 174 
210 X 1 22 1 413 
211 Y 1 0 1 407 
212 Y 1 0 1 211 
213 Y 1 8 1 410 
214 H 1 22 1 210 
215 Y 1 4 1 318 
216 Y 1 22 1 214 
217 X 1 21 1 408 
218 H 1 4 1 215 
219 H 1 9 1 272 
220 Y 1 10 1 194 
221 Y 1 4 1 202 
222 X 1 4 1 221 
223 H 1 21 1 209 
224 X 1 22 1 200 
225 H 1 21 1 223 
226 X 1 10 1 220 
227 H 1 25 1 109 
228 H 1 21 1 225 
229 H 1 7 1 110 
230 Y 1 6 1 184 
231 Y 1 19 1 111 
232 CNOT 2 29 15 1 108 
233 Y 1 2 1 111 
234 Y 1 8 1 206 
235 Y 1 2 1 233 
236 X 1 29 1 232 
237 Y 1 8 1 234 
238 X 1 25 1 227 
239 X 1 12 1 148 
240 H 1 4 1 222 
241 H 1 6 1 230 
242 X 1 16 1 205 
243 CNOT 2 19 8 2 237 231 
244 X 1 10 1 226 
245 Y 1 21 1 228 
246 Y 1 26 1 154 
247 CNOT 2 25 16 2 242 238 
248 X 1 0 1 110 
249 CNOT 2 12 21 2 245 239 
250 CNOT 2 21 20 2 249 203 
251 X 1 22 1 224 
252 H 1 23 1 112 
253 CNOT 2 23 0 2 248 252 
254 CNOT 2 10 28 2 107 244 
255 CNOT 2 23 7 2 229 253 
256 X 1 23 1 255 
257 CNOT 2 23 25 2 256 247 
258 CNOT 2 27 0 2 208 253 
259 CNOT 2 2 21 2 250 235 
260 CNOT 2 22 24 2 186 251 
261 Y 1 22 1 260 
262 CNOT 2 7 13 2 164 255 
263 H 1 24 1 260 
264 H 1 10 1 254 
265 CNOT 2 23 26 2 257 246 
266 Y 1 22 1 261 
267 H 1 9 1 207 
268 Y 1 4 1 240 
269 H 1 23 1 265 
270 Y 1 12 1 249 
271 Y 1 10 1 264 
272 H 1 9 1 267 
273 H 1 23 1 269 
274 H 1 7 1 262 
275 H 1 23 1 273 
276 H 1 7 1 274 
277 CNOT 2 10 25 2 257 271 
278 CNOT 2 21 14 2 259 150 
279 CNOT 2 7 25 2 276 277 
280 H 1 0 1 258 
281 X 1 19 1 243 
282 CNOT 2 4 22 2 266 268 
283 H 1 10 1 277 
284 X 1 19 1 281 
285 X 1 10 1 283 
286 X 1 10 1 285 
287 H 1 16 1 247 
288 X 1 16 1 287 
289 H 1 22 1 282 
290 Y 1 21 1 278 
291 X 1 21 1 290 
292 Y 1 25 1 279 
293 CNOT 2 22 26 2 265 289 
294 X 1 26 1 293 
295 X 1 28 1 254 
296 H 1 21 1 291 
297 Y 1 29 1 236 
298 CNOT 2 29 23 2 297 275 
299 H 1 2 1 259 
300 X 1 19 1 284 
301 H 1 21 1 296 
302 Y 1 2 1 299 
303 X 1 23 1 298 
304 H 1 10 1 286 
305 Y 1 10 1 304 
306 X 1 16 1 288 
307 CNOT 2 21 8 2 243 301 
308 H 1 20 1 250 
309 X 1 14 1 278 
310 X 1 25 1 292 
311 H 1 19 1 300 
312 X 1 2 1 302 
313 X 1 10 1 305 
314 X 1 7 1 279 
315 Y 1 23 1 303 
316 Y 1 19 1 311 
317 H 1 6 1 241 
318 CNOT 2 0 4 2 280 282 
319 H 1 19 1 316 
320 CNOT 2 2 0 2 312 318 
321 CNOT 2 6 26 2 317 294 
322 Y 1 23 1 315 
323 H 1 10 1 313 
324 X 1 21 1 307 
325 X 1 22 1 293 
326 X 1 3 0 
327 X 1 26 1 321 
328 CNOT 2 12 21 2 324 270 
329 CNOT 2 7 20 2 314 308 
330 CNOT 2 23 0 2 320 322 
331 X 1 2 1 320 
332 Y 1 21 1 328 
333 X 1 12 1 328 
334 Y 1 0 1 330 
335 Y 1 20 1 329 
336 CNOT 2 20 26 2 335 327 
337 Y 1 13 1 262 
338 Y 1 27 1 258 
339 H 1 7 1 329 
340 CNOT 2 23 2 2 330 331 
341 CNOT 2 21 0 2 332 334 
342 X 1 29 1 298 
343 CNOT 2 22 16 2 306 325 
344 X 1 0 1 341 
345 X 1 22 1 343 
346 Y 1 20 1 336 
347 X 1 23 1 340 
348 X 1 7 1 339 
349 X 1 21 1 341 
350 H 1 29 1 342 
351 Y 1 21 1 349 
352 X 1 7 1 348 
353 Y 1 8 1 307 
354 Y 1 25 1 310 
355 CNOT 2 19 14 2 309 319 
356 Y 1 20 1 346 
357 X 1 10 1 323 
358 X 1 6 1 321 
359 H 1 19 1 355 
360 X 1 3 1 326 
361 H 1 10 1 357 
362 X 1 23 1 347 
363 CNOT 2 22 25 2 345 354 
364 CNOT 2 25 23 2 362 363 
365 H 1 7 1 352 
366 CNOT 2 28 22 2 363 295 
367 Y 1 14 1 355 
368 X 1 19 1 359 
369 X 1 8 1 353 
370 Y 1 8 1 369 
371 H 1 19 1 368 
372 CNOT 2 0 8 2 344 370 
373 Y 1 19 1 371 
374 H 1 10 1 361 
375 CNOT 2 16 7 2 365 343 
376 Y 1 6 1 358 
377 CNOT 2 23 21 2 364 351 
378 X 1 26 1 336 
379 H 1 0 1 372 
380 Y 1 12 1 333 
381 Y 1 19 1 373 
382 CNOT 2 7 14 2 375 367 
383 H 1 26 1 378 
384 CNOT 2 8 20 2 372 356 
385 Y 1 7 1 382 
386 H 1 10 1 374 
387 Y 1 8 1 384 
388 X 1 20 1 384 
389 H 1 10 1 386 
390 X 1 17 1 185 
391 H 1 19 1 381 
392 H 1 13 1 337 
393 H 1 0 1 379 
394 CNOT 2 8 20 2 387 388 
395 X 1 19 1 391 
396 CNOT 2 7 21 2 377 385 
397 Y 1 0 1 393 
398 H 1 6 1 376 
399 H 1 25 1 364 
400 X 1 14 1 382 
401 Y 1 23 1 377 
402 X 1 2 1 340 
403 Y 1 21 1 396 
404 X 1 6 1 398 
405 Y 1 7 1 396 
406 CNOT 2 18 25 2 120 399 
407 H 1 0 1 397 
408 CNOT 2 14 21 2 400 403 
409 Y 1 22 1 366 
410 H 1 8 1 394 
411 H 1 17 1 390 
412 X 1 23 1 401 
413 H 1 22 1 409 
414 CNOT 2 5 17 2 147 411 
415 X 1 24 1 263 
416 CNOT 2 10 2 2 402 389 
417 X 1 25 1 406 
418 Y 1 29 1 350 
419 X 1 26 1 383 
420 CNOT 2 4 19 2 218 395 
421 CNOT 2 9 12 2 219 380 
422 X 1 8 1 213 
423 Y 1 23 1 412 
424 CNOT 2 10 13 2 392 416 
425 X 1 21 1 217 
426 Y 1 10 1 424 
427 Y 1 7 1 405 
428 CNOT 2 9 22 2 216 421 
429 CNOT 2 19 0 2 420 212 
430 Y 1 2 1 416 
431 H 1 22 1 428 
432 Y 1 19 1 429 
433 CNOT 2 21 20 2 425 394 
434 Y 1 12 1 421 
435 CNOT 2 8 25 2 417 422 
436 X 1 19 1 432 
437 X 1 13 1 424 
438 Y 1 2 1 430 
439 CNOT 2 22 19 2 436 431 
440 H 1 23 1 423 
441 X 1 7 1 427 
442 CNOT 2 20 4 2 433 420 
443 H 1 4 1 442 
444 CNOT 2 23 10 2 440 426 
445 X 1 7 1 441 
446 CNOT 2 5 25 2 435 414 
447 H 1 16 1 375 
448 X 1 25 1 446 
449 X 1 23 1 444 
450 Y 1 8 1 435 
451 H 1 4 1 443 
452 CNOT 2 21 25 2 448 433 
