64 110
0 H 1 34 0 
1 H 1 12 0 
2 H 1 36 0 
3 Y 1 41 0 
4 Y 1 4 0 
5 Y 1 16 0 
6 H 1 27 0 
7 X 1 5 0 
8 H 1 41 1 3 
9 Y 1 10 0 
10 H 1 32 0 
11 X 1 55 0 
12 H 1 4 1 4 
13 X 1 55 1 11 
14 Y 1 20 0 
15 X 1 15 0 
16 CNOT 2 24 33 0 
17 X 1 60 0 
18 CNOT 2 19 55 1 13 
19 H 1 19 1 18 
20 CNOT 2 32 6 1 10 
21 CNOT 2 1 28 0 
22 CNOT 2 21 34 1 0 
23 CNOT 2 9 29 0 
24 X 1 1 1 21 
25 CNOT 2 7 27 1 6 
26 X 1 46 0 
27 Y 1 36 1 2 
28 X 1 60 1 17 
29 X 1 8 0 
30 X 1 59 0 
31 H 1 55 1 18 
32 Y 1 52 0 
33 Y 1 59 1 30 
34 X 1 33 1 16 
35 CNOT 2 56 8 1 29 
36 H 1 14 0 
37 H 1 18 0 
38 X 1 39 0 
39 Y 1 13 0 
40 X 1 48 0 
41 X 1 53 0 
42 CNOT 2 0 10 1 9 
43 X 1 56 1 35 
44 Y 1 7 1 25 
45 Y 1 27 1 25 
46 CNOT 2 43 8 1 35 
47 X 1 1 1 24 
48 Y 1 27 1 45 
49 Y 1 27 1 83 
50 H 1 29 1 23 
51 Y 1 3 1 93 
52 CNOT 2 46 44 1 26 
53 X 1 52 1 32 
54 H 1 51 0 
55 CNOT 2 38 53 1 41 
56 Y 1 52 1 53 
57 Y 1 62 0 
58 X 1 42 0 
59 X 1 37 0 
60 H 1 31 0 
61 CNOT 2 56 47 1 43 
62 H 1 55 1 31 
63 CNOT 2 1 50 1 47 
64 H 1 1 1 63 
65 CNOT 2 3 49 0 
66 Y 1 4 1 12 
67 CNOT 2 54 42 1 58 
68 X 1 61 0 
69 CNOT 2 53 10 2 42 55 
70 CNOT 2 1 50 2 64 63 
71 H 1 60 1 28 
72 Y 1 8 1 46 
73 CNOT 2 27 60 2 48 71 
74 Y 1 38 1 55 
75 Y 1 56 1 61 
76 Y 1 20 1 14 
77 Y 1 36 1 27 
78 X 1 27 1 73 
79 H 1 31 1 60 
80 CNOT 2 12 43 2 1 46 
81 H 1 47 1 61 
82 Y 1 35 0 
83 H 1 27 1 78 
84 H 1 13 1 39 
85 H 1 16 1 5 
86 X 1 0 1 42 
87 X 1 44 1 52 
88 CNOT 2 1 21 2 70 22 
89 Y 1 4 1 66 
90 H 1 63 0 
91 X 1 52 1 56 
92 CNOT 2 13 25 1 84 
93 X 1 3 1 65 
94 Y 1 17 0 
95 Y 1 31 1 79 
96 Y 1 26 0 
97 X 1 62 1 57 
98 CNOT 2 47 7 2 81 44 
99 H 1 11 0 
100 H 1 31 1 95 
101 Y 1 48 1 40 
102 X 1 4 1 89 
103 Y 1 16 1 85 
104 X 1 58 0 
105 CNOT 2 15 50 2 70 15 
106 X 1 11 1 99 
107 Y 1 47 1 98 
108 Y 1 31 1 100 
109 CNOT 2 0 4 2 102 86 
