128 329
0 X 1 27 0 
1 X 1 40 0 
2 Y 1 81 0 
3 X 1 41 0 
4 X 1 70 0 
5 CNOT 2 75 53 0 
6 X 1 54 0 
7 CNOT 2 36 33 0 
8 Y 1 1 0 
9 Y 1 117 0 
10 H 1 55 0 
11 Y 1 65 0 
12 X 1 84 0 
13 X 1 7 0 
14 X 1 76 0 
15 Y 1 4 0 
16 H 1 100 0 
17 X 1 103 0 
18 Y 1 112 0 
19 X 1 74 0 
20 CNOT 2 113 70 1 57 
21 X 1 126 0 
22 H 1 109 0 
23 X 1 21 0 
24 Y 1 69 1 41 
25 H 1 61 0 
26 X 1 35 0 
27 X 1 62 0 
28 Y 1 7 1 13 
29 H 1 18 0 
30 Y 1 22 0 
31 H 1 14 0 
32 X 1 70 1 4 
33 Y 1 9 0 
34 Y 1 76 1 14 
35 Y 1 5 0 
36 H 1 38 0 
37 CNOT 2 25 114 0 
38 CNOT 2 60 22 1 30 
39 X 1 62 1 27 
40 CNOT 2 7 84 2 28 12 
41 Y 1 69 0 
42 CNOT 2 75 7 2 40 5 
43 H 1 99 0 
44 CNOT 2 16 84 1 40 
45 Y 1 63 0 
46 Y 1 56 0 
47 H 1 51 0 
48 H 1 28 1 92 
49 X 1 13 1 77 
50 H 1 100 1 79 
51 Y 1 28 0 
52 H 1 9 1 33 
53 CNOT 2 66 122 0 
54 H 1 88 0 
55 X 1 55 1 10 
56 CNOT 2 1 92 1 8 
57 CNOT 2 70 30 1 32 
58 Y 1 16 1 44 
59 Y 1 40 1 1 
60 CNOT 2 116 17 0 
61 Y 1 18 1 29 
62 X 1 109 1 22 
63 CNOT 2 50 115 0 
64 Y 1 48 0 
65 X 1 1 1 56 
66 X 1 39 0 
67 Y 1 85 0 
68 X 1 33 1 7 
69 X 1 66 1 53 
70 Y 1 18 1 61 
71 X 1 76 1 34 
72 H 1 101 0 
73 CNOT 2 58 5 1 35 
74 Y 1 54 1 6 
75 H 1 10 0 
76 Y 1 7 1 42 
77 CNOT 2 13 107 0 
78 X 1 45 0 
79 H 1 100 1 16 
80 Y 1 59 0 
81 CNOT 2 78 3 0 
82 CNOT 2 65 55 2 11 55 
83 X 1 109 1 62 
84 X 1 86 0 
85 CNOT 2 12 72 0 
86 Y 1 22 1 38 
87 X 1 24 0 
88 H 1 21 1 23 
89 Y 1 22 1 86 
90 X 1 87 0 
91 H 1 92 1 56 
92 H 1 28 1 51 
93 Y 1 123 0 
94 Y 1 43 0 
95 CNOT 2 89 31 0 
96 CNOT 2 103 119 1 17 
97 X 1 34 0 
98 X 1 49 0 
99 X 1 50 1 63 
100 Y 1 126 1 161 
101 CNOT 2 43 104 2 179 94 
102 H 1 110 0 
103 Y 1 54 1 74 
104 H 1 73 1 157 
105 H 1 2 0 
106 X 1 45 1 78 
107 X 1 122 1 53 
108 Y 1 63 1 45 
109 Y 1 113 1 20 
110 CNOT 2 112 78 2 81 18 
111 CNOT 2 55 40 2 82 59 
112 H 1 61 1 25 
113 Y 1 113 1 109 
114 X 1 39 1 66 
115 H 1 27 1 0 
116 H 1 122 1 107 
117 H 1 88 1 54 
118 Y 1 7 1 76 
119 CNOT 2 123 61 2 112 93 
120 Y 1 5 1 73 
121 H 1 29 0 
122 Y 1 0 0 
123 X 1 41 1 3 
124 Y 1 102 0 
125 X 1 125 0 
126 H 1 26 0 
127 H 1 41 1 123 
128 H 1 70 1 20 
129 CNOT 2 17 60 2 60 38 
130 CNOT 2 111 67 0 
131 H 1 70 1 128 
132 H 1 68 0 
133 H 1 40 1 111 
134 Y 1 97 0 
135 H 1 105 0 
136 CNOT 2 102 100 2 50 124 
137 H 1 79 0 
138 Y 1 35 1 26 
139 CNOT 2 120 95 0 
140 Y 1 64 0 
141 Y 1 42 0 
142 X 1 59 1 80 
143 Y 1 75 1 42 
144 X 1 33 1 68 
145 Y 1 117 1 9 
146 CNOT 2 12 1 2 65 85 
147 CNOT 2 0 56 2 122 46 
148 H 1 117 1 145 
149 CNOT 2 76 44 1 71 
150 CNOT 2 123 68 2 132 119 
151 H 1 80 0 
152 CNOT 2 106 92 1 91 
153 H 1 109 1 83 
154 Y 1 7 1 118 
155 Y 1 102 1 136 
156 Y 1 64 1 140 
157 X 1 73 0 
158 Y 1 72 1 85 
159 X 1 36 1 7 
160 CNOT 2 107 4 2 77 15 
161 CNOT 2 1 126 2 146 21 
162 CNOT 2 91 71 0 
163 X 1 30 1 57 
164 Y 1 38 1 36 
165 CNOT 2 96 105 1 135 
166 X 1 72 1 158 
167 X 1 87 1 90 
168 CNOT 2 108 38 1 164 
169 X 1 94 0 
170 Y 1 1 1 161 
171 CNOT 2 18 28 2 48 70 
172 H 1 70 1 131 
173 Y 1 72 1 166 
174 Y 1 46 0 
175 H 1 125 1 125 
176 H 1 120 1 139 
177 X 1 35 1 138 
178 X 1 37 0 
179 CNOT 2 103 104 1 96 
180 H 1 40 1 133 
181 CNOT 2 108 75 2 168 143 
182 CNOT 2 24 48 2 64 87 
183 CNOT 2 124 18 1 171 
184 X 1 6 0 
185 Y 1 92 1 152 
186 X 1 112 1 110 
187 H 1 35 1 177 
188 H 1 40 1 180 
189 H 1 77 0 
190 Y 1 12 1 146 
191 Y 1 127 0 
192 H 1 71 1 162 
193 X 1 109 1 153 
194 X 1 71 1 192 
195 Y 1 61 1 119 
196 CNOT 2 34 100 2 136 97 
197 Y 1 116 1 60 
198 X 1 115 1 63 
199 CNOT 2 11 96 1 165 
200 H 1 119 1 96 
201 H 1 77 1 189 
202 CNOT 2 19 89 1 95 
203 H 1 26 1 126 
204 CNOT 2 6 8 1 184 
205 H 1 95 1 139 
206 CNOT 2 65 75 2 82 181 
207 H 1 71 1 194 
208 CNOT 2 57 99 1 43 
209 X 1 44 1 149 
210 X 1 63 1 108 
211 H 1 123 1 150 
212 X 1 6 1 204 
213 X 1 108 1 181 
214 H 1 34 1 196 
215 CNOT 2 34 85 2 67 214 
216 X 1 63 1 210 
217 H 1 121 0 
218 Y 1 124 1 183 
219 Y 1 102 1 155 
220 Y 1 16 1 58 
221 CNOT 2 115 101 2 72 198 
222 H 1 82 0 
223 CNOT 2 87 4 2 160 167 
224 CNOT 2 81 102 2 2 219 
225 H 1 86 1 84 
226 X 1 21 1 88 
227 X 1 14 1 31 
228 H 1 87 1 223 
229 CNOT 2 76 68 2 149 150 
230 X 1 95 1 205 
231 Y 1 39 1 114 
232 Y 1 21 1 226 
233 Y 1 7 1 154 
234 H 1 63 1 216 
235 Y 1 43 1 101 
236 Y 1 5 1 120 
237 Y 1 68 1 229 
238 CNOT 2 47 28 1 171 
239 Y 1 10 1 75 
240 H 1 95 1 230 
241 X 1 112 1 186 
242 H 1 92 1 185 
243 H 1 93 0 
244 CNOT 2 12 65 2 206 190 
245 Y 1 44 1 209 
246 CNOT 2 121 29 2 121 217 
247 CNOT 2 117 98 1 148 
248 CNOT 2 15 37 1 178 
249 Y 1 58 1 73 
250 CNOT 2 55 33 2 144 111 
251 H 1 72 1 173 
252 H 1 87 1 228 
253 CNOT 2 69 30 2 24 163 
254 H 1 124 1 218 
255 Y 1 115 1 221 
256 X 1 10 1 239 
257 Y 1 51 1 47 
258 H 1 39 1 231 
259 Y 1 41 1 127 
260 Y 1 108 1 213 
261 CNOT 2 101 97 2 221 134 
262 X 1 74 1 19 
263 H 1 80 1 151 
264 CNOT 2 11 83 1 199 
265 CNOT 2 125 37 2 248 175 
266 X 1 122 1 116 
267 X 1 81 1 224 
268 Y 1 81 1 267 
269 X 1 18 1 183 
270 CNOT 2 38 27 2 168 115 
271 X 1 86 1 225 
272 CNOT 2 59 19 2 202 142 
273 Y 1 98 1 247 
274 X 1 67 1 130 
275 X 1 4 1 223 
276 X 1 83 1 264 
277 X 1 80 1 263 
278 Y 1 113 1 113 
279 X 1 44 1 245 
280 CNOT 2 78 80 2 277 110 
281 X 1 85 1 215 
282 H 1 9 1 52 
283 X 1 111 1 130 
284 X 1 126 1 100 
285 CNOT 2 3 46 2 81 174 
286 X 1 67 1 274 
287 Y 1 97 1 261 
288 H 1 14 1 227 
289 Y 1 30 1 253 
290 X 1 60 1 129 
291 H 1 80 1 280 
292 X 1 19 1 272 
293 X 1 24 1 182 
294 Y 1 15 1 248 
295 CNOT 2 48 106 2 152 182 
296 H 1 88 1 117 
297 H 1 81 1 268 
298 CNOT 2 2 77 2 105 201 
299 Y 1 43 1 235 
300 CNOT 2 38 59 2 272 270 
301 Y 1 27 1 270 
302 CNOT 2 87 44 2 252 279 
303 CNOT 2 48 31 2 295 95 
304 CNOT 2 4 2 2 298 275 
305 CNOT 2 22 117 2 89 247 
306 H 1 83 1 276 
307 H 1 50 1 99 
308 X 1 61 1 195 
309 Y 1 2 1 304 
310 CNOT 2 81 22 2 297 305 
311 H 1 80 1 291 
312 X 1 42 1 141 
313 Y 1 51 1 257 
314 Y 1 92 1 242 
315 CNOT 2 91 4 2 304 162 
316 X 1 52 0 
317 H 1 82 1 222 
318 Y 1 39 1 258 
319 H 1 127 1 191 
320 H 1 39 1 318 
321 CNOT 2 78 111 2 280 283 
322 H 1 67 1 286 
323 Y 1 17 1 129 
324 H 1 21 1 232 
325 X 1 2 1 309 
326 Y 1 19 1 292 
327 X 1 18 1 269 
328 H 1 70 1 172 
