58 70
0 H 1 27 0 
1 Y 1 12 0 
2 H 1 51 0 
3 H 1 46 0 
4 CNOT 2 2 18 0 
5 H 1 24 0 
6 H 1 40 0 
7 Y 1 36 0 
8 CNOT 2 16 49 0 
9 H 1 40 1 6 
10 CNOT 2 36 46 2 3 7 
11 H 1 19 0 
12 X 1 15 0 
13 X 1 52 0 
14 X 1 37 0 
15 H 1 21 0 
16 H 1 14 0 
17 H 1 13 0 
18 X 1 56 0 
19 X 1 20 0 
20 H 1 35 0 
21 Y 1 22 0 
22 Y 1 5 0 
23 CNOT 2 46 10 1 10 
24 H 1 34 0 
25 X 1 57 0 
26 Y 1 46 1 23 
27 H 1 7 0 
28 Y 1 42 0 
29 H 1 33 0 
30 Y 1 41 0 
31 X 1 8 0 
32 H 1 12 1 1 
33 X 1 25 0 
34 Y 1 39 0 
35 X 1 28 1 44 
36 X 1 2 1 4 
37 Y 1 26 0 
38 CNOT 2 40 1 1 9 
39 X 1 29 0 
40 H 1 11 0 
41 Y 1 31 0 
42 X 1 42 1 28 
43 CNOT 2 8 53 1 31 
44 CNOT 2 28 52 1 13 
45 X 1 15 1 12 
46 Y 1 16 1 8 
47 Y 1 40 1 38 
48 CNOT 2 18 22 2 4 21 
49 CNOT 2 3 41 1 30 
50 CNOT 2 29 10 2 39 23 
51 CNOT 2 51 56 2 2 18 
52 CNOT 2 23 46 1 26 
53 X 1 6 0 
54 CNOT 2 31 1 2 41 38 
55 Y 1 52 1 44 
56 H 1 3 1 49 
57 Y 1 40 1 47 
58 Y 1 24 1 5 
59 CNOT 2 41 6 2 49 53 
60 CNOT 2 22 36 2 48 10 
61 CNOT 2 48 24 1 58 
62 H 1 55 0 
63 Y 1 47 0 
64 H 1 45 0 
65 CNOT 2 56 38 1 51 
66 Y 1 32 0 
67 H 1 24 1 61 
68 CNOT 2 32 31 2 66 54 
69 H 1 39 1 34 
