8 32
0 H 1 7 1 12 
1 CNOT 2 0 7 2 0 13 
2 CNOT 2 1 7 2 1 14 
3 CNOT 2 2 7 2 2 15 
4 H 1 3 1 5 
5 CNOT 2 3 7 2 16 3 
6 CNOT 2 4 7 2 17 5 
7 CNOT 2 5 7 2 18 6 
8 CNOT 2 6 7 2 19 7 
9 H 1 0 1 1 
10 MeasZ 1 0 1 9 
11 H 1 1 1 2 
12 X 1 7 0 
13 H 1 0 0 
14 H 1 1 0 
15 H 1 2 0 
16 H 1 3 0 
17 H 1 4 0 
18 H 1 5 0 
19 H 1 6 0 
20 MeasZ 1 1 1 11 
21 H 1 2 1 3 
22 MeasZ 1 2 1 21 
23 MeasZ 1 3 1 4 
24 H 1 4 1 6 
25 MeasZ 1 4 1 24 
26 H 1 5 1 7 
27 MeasZ 1 5 1 26 
28 H 1 6 1 8 
29 MeasZ 1 6 1 28 
30 H 1 7 1 8 
31 MeasZ 1 7 1 30 
