31 59
0 H 1 2 0 
1 H 1 22 0 
2 CNOT 2 21 6 0 
3 CNOT 2 3 6 1 2 
4 Y 1 11 0 
5 H 1 29 0 
6 H 1 0 0 
7 Y 1 7 0 
8 H 1 19 0 
9 X 1 21 1 2 
10 H 1 22 1 1 
11 Y 1 9 0 
12 H 1 15 0 
13 Y 1 25 0 
14 CNOT 2 0 18 1 26 
15 CNOT 2 12 27 0 
16 CNOT 2 26 14 0 
17 H 1 14 1 16 
18 CNOT 2 1 0 1 6 
19 CNOT 2 25 28 1 13 
20 X 1 23 0 
21 Y 1 7 1 7 
22 X 1 30 0 
23 CNOT 2 22 26 2 16 10 
24 H 1 20 0 
25 Y 1 23 1 20 
26 CNOT 2 0 14 2 17 18 
27 H 1 28 1 19 
28 X 1 28 1 27 
29 X 1 23 1 25 
30 H 1 12 1 15 
31 Y 1 13 0 
32 Y 1 20 1 24 
33 H 1 0 1 14 
34 Y 1 12 1 30 
35 H 1 18 1 14 
36 X 1 16 0 
37 CNOT 2 3 26 2 3 23 
38 H 1 24 0 
39 CNOT 2 13 24 2 38 31 
40 CNOT 2 15 28 2 28 12 
41 CNOT 2 27 1 2 18 15 
42 X 1 22 1 23 
43 X 1 4 0 
44 X 1 12 1 34 
45 CNOT 2 12 16 2 44 36 
46 H 1 28 1 40 
47 H 1 15 1 40 
48 CNOT 2 24 1 2 41 39 
49 H 1 11 1 4 
50 CNOT 2 22 2 2 0 42 
51 CNOT 2 20 8 1 32 
52 CNOT 2 29 6 2 3 5 
53 CNOT 2 6 16 2 52 45 
54 CNOT 2 15 4 2 43 47 
55 CNOT 2 14 6 2 26 53 
56 CNOT 2 22 21 2 9 50 
57 H 1 1 1 48 
58 H 1 21 1 56 
