16 79
0 X 1 15 1 14 
1 CNOT 2 9 8 1 11 
2 Y 1 9 1 1 
3 Y 1 6 0 
4 Y 1 8 1 1 
5 CNOT 2 1 7 0 
6 Y 1 13 1 16 
7 H 1 2 1 13 
8 CNOT 2 14 15 2 0 13 
9 X 1 3 0 
10 Y 1 12 0 
11 Y 1 8 0 
12 H 1 15 0 
13 CNOT 2 14 2 0 
14 Y 1 15 1 12 
15 H 1 1 1 5 
16 CNOT 2 1 13 1 15 
17 H 1 0 0 
18 Y 1 8 1 4 
19 X 1 14 1 8 
20 Y 1 15 1 8 
21 Y 1 10 0 
22 H 1 0 1 17 
23 Y 1 6 1 3 
24 Y 1 5 0 
25 CNOT 2 7 1 2 16 5 
26 Y 1 2 1 40 
27 Y 1 6 1 23 
28 Y 1 15 1 20 
29 CNOT 2 10 8 2 18 21 
30 CNOT 2 0 2 2 22 7 
31 H 1 9 1 2 
32 CNOT 2 14 15 2 19 28 
33 H 1 3 1 9 
34 X 1 10 1 29 
35 X 1 12 1 10 
36 CNOT 2 5 4 1 24 
37 CNOT 2 8 14 2 32 29 
38 X 1 7 1 25 
39 X 1 15 1 32 
40 Y 1 2 1 30 
41 H 1 10 1 34 
42 CNOT 2 12 8 2 35 37 
43 Y 1 3 1 33 
44 X 1 5 1 36 
45 X 1 11 0 
46 Y 1 15 1 39 
47 X 1 15 1 46 
48 CNOT 2 4 8 2 42 36 
49 Y 1 3 1 43 
50 H 1 12 1 42 
51 X 1 4 1 48 
52 H 1 0 1 30 
53 Y 1 8 1 48 
54 H 1 8 1 53 
55 CNOT 2 6 5 2 27 44 
56 Y 1 14 1 37 
57 X 1 2 1 26 
58 Y 1 6 1 55 
59 CNOT 2 8 3 2 49 54 
60 X 1 10 1 41 
61 X 1 11 1 45 
62 H 1 2 1 57 
63 Y 1 7 1 38 
64 Y 1 11 1 61 
65 H 1 8 1 59 
66 H 1 12 1 50 
67 CNOT 2 14 7 2 56 63 
68 H 1 12 1 66 
69 Y 1 14 1 67 
70 H 1 13 1 6 
71 H 1 7 1 67 
72 H 1 1 1 25 
73 X 1 10 1 60 
74 CNOT 2 13 0 2 52 70 
75 CNOT 2 7 6 2 58 71 
76 CNOT 2 1 11 2 64 72 
77 CNOT 2 10 1 2 73 76 
78 H 1 1 1 77 
