127 192
0 X 1 41 0 
1 CNOT 2 74 37 0 
2 X 1 18 0 
3 CNOT 2 30 106 0 
4 X 1 22 0 
5 H 1 38 1 13 
6 CNOT 2 105 50 0 
7 X 1 37 1 1 
8 CNOT 2 26 52 0 
9 CNOT 2 76 6 0 
10 Y 1 21 0 
11 CNOT 2 4 115 0 
12 X 1 83 0 
13 Y 1 38 0 
14 H 1 123 0 
15 Y 1 56 0 
16 Y 1 121 0 
17 Y 1 89 0 
18 CNOT 2 104 42 0 
19 Y 1 38 1 5 
20 H 1 101 0 
21 X 1 91 0 
22 H 1 117 0 
23 X 1 81 1 37 
24 CNOT 2 36 78 0 
25 CNOT 2 33 100 0 
26 X 1 53 0 
27 X 1 47 0 
28 X 1 85 0 
29 H 1 92 0 
30 H 1 26 1 8 
31 H 1 62 0 
32 X 1 67 0 
33 H 1 86 0 
34 Y 1 12 0 
35 Y 1 49 0 
36 H 1 53 1 26 
37 CNOT 2 24 81 0 
38 H 1 46 0 
39 H 1 44 0 
40 CNOT 2 48 0 0 
41 Y 1 61 0 
42 Y 1 12 1 34 
43 H 1 50 1 6 
44 H 1 79 0 
45 H 1 23 0 
46 H 1 69 0 
47 Y 1 102 0 
48 Y 1 53 1 36 
49 X 1 43 0 
50 X 1 41 1 0 
51 Y 1 26 1 30 
52 CNOT 2 118 94 0 
53 X 1 52 1 8 
54 Y 1 74 1 1 
55 X 1 35 0 
56 X 1 76 1 9 
57 H 1 110 0 
58 CNOT 2 60 56 1 15 
59 Y 1 98 0 
60 Y 1 124 0 
61 H 1 83 1 12 
62 H 1 41 1 50 
63 H 1 114 0 
64 H 1 73 0 
65 X 1 31 0 
66 X 1 108 0 
67 X 1 117 1 22 
68 CNOT 2 11 8 0 
69 X 1 114 1 63 
70 X 1 122 0 
71 Y 1 0 1 40 
72 H 1 7 0 
73 H 1 91 1 21 
74 X 1 96 0 
75 X 1 67 1 32 
76 Y 1 50 1 43 
77 CNOT 2 57 66 0 
78 Y 1 42 1 18 
79 H 1 58 0 
80 Y 1 1 0 
81 CNOT 2 80 94 1 52 
82 Y 1 85 1 28 
83 X 1 41 1 62 
84 X 1 119 0 
85 X 1 12 1 42 
86 X 1 65 0 
87 CNOT 2 47 97 1 27 
88 CNOT 2 2 72 0 
89 Y 1 35 1 55 
90 CNOT 2 108 93 1 66 
91 H 1 99 0 
92 X 1 106 1 106 
93 CNOT 2 113 19 1 177 
94 H 1 79 1 143 
95 X 1 70 1 173 
96 X 1 60 1 58 
97 X 1 80 1 81 
98 X 1 4 1 113 
99 Y 1 111 0 
100 CNOT 2 8 5 1 68 
101 CNOT 2 25 121 1 16 
102 H 1 26 1 51 
103 X 1 88 0 
104 X 1 118 1 52 
105 CNOT 2 24 31 2 65 37 
106 X 1 106 1 3 
107 H 1 13 0 
108 CNOT 2 4 63 1 11 
109 Y 1 102 1 47 
110 X 1 40 0 
111 X 1 87 0 
112 X 1 83 1 61 
113 X 1 4 1 108 
114 X 1 35 1 89 
115 H 1 122 1 70 
116 CNOT 2 38 99 2 91 19 
117 CNOT 2 11 1 2 80 68 
118 X 1 9 0 
119 X 1 61 1 41 
120 Y 1 122 1 115 
121 Y 1 109 0 
122 X 1 28 0 
123 Y 1 35 1 114 
124 CNOT 2 7 11 2 72 117 
125 Y 1 84 0 
126 Y 1 84 1 125 
127 H 1 22 1 4 
128 Y 1 17 0 
129 H 1 117 1 67 
130 Y 1 1 1 117 
131 X 1 29 0 
132 X 1 37 1 7 
133 CNOT 2 94 6 2 9 81 
134 H 1 117 1 129 
135 H 1 11 1 124 
136 H 1 34 0 
137 Y 1 86 1 33 
138 CNOT 2 117 45 1 134 
139 X 1 34 1 136 
140 H 1 123 1 14 
141 CNOT 2 39 29 1 131 
142 CNOT 2 8 105 2 100 6 
143 CNOT 2 79 11 2 44 135 
144 CNOT 2 115 6 2 11 133 
145 CNOT 2 110 53 2 48 57 
146 Y 1 108 1 90 
147 H 1 110 1 145 
148 Y 1 25 1 101 
149 H 1 50 1 76 
150 X 1 121 1 101 
151 Y 1 105 1 142 
152 H 1 115 1 144 
153 X 1 81 1 23 
154 H 1 105 1 151 
155 X 1 85 1 82 
156 CNOT 2 87 10 1 111 
157 CNOT 2 7 6 2 144 124 
158 Y 1 6 1 157 
159 H 1 102 1 109 
160 X 1 16 0 
161 Y 1 68 0 
162 X 1 53 1 145 
163 Y 1 39 1 141 
164 CNOT 2 116 26 1 102 
165 Y 1 59 0 
166 H 1 62 1 31 
167 Y 1 7 1 157 
168 CNOT 2 46 71 1 38 
169 X 1 26 1 164 
170 X 1 105 1 154 
171 X 1 66 1 77 
172 X 1 108 1 146 
173 Y 1 70 0 
174 X 1 0 1 71 
175 H 1 0 1 174 
176 H 1 36 1 24 
177 Y 1 113 0 
178 X 1 97 1 87 
179 X 1 89 1 17 
180 X 1 96 1 74 
181 Y 1 16 1 160 
182 H 1 7 1 167 
183 X 1 52 1 53 
184 CNOT 2 23 24 2 105 45 
185 CNOT 2 115 107 1 152 
186 X 1 90 0 
187 H 1 29 1 141 
188 Y 1 118 1 104 
189 CNOT 2 2 38 2 88 116 
190 H 1 46 1 168 
191 Y 1 102 1 159 
