32 146
0 Y 1 9 0 
1 CNOT 2 4 6 0 
2 CNOT 2 0 15 0 
3 X 1 29 0 
4 Y 1 2 0 
5 CNOT 2 7 12 0 
6 H 1 20 0 
7 X 1 19 0 
8 X 1 14 0 
9 X 1 15 1 2 
10 CNOT 2 6 29 2 1 3 
11 H 1 27 0 
12 H 1 25 0 
13 X 1 24 0 
14 X 1 14 1 8 
15 CNOT 2 11 12 1 5 
16 H 1 19 1 7 
17 X 1 30 0 
18 H 1 17 0 
19 CNOT 2 4 26 1 1 
20 H 1 25 1 12 
21 CNOT 2 17 13 1 18 
22 CNOT 2 19 20 2 16 6 
23 X 1 0 1 2 
24 CNOT 2 0 6 2 44 46 
25 Y 1 18 0 
26 X 1 17 1 21 
27 CNOT 2 31 29 1 10 
28 X 1 1 0 
29 CNOT 2 28 11 1 15 
30 H 1 13 1 21 
31 Y 1 30 1 17 
32 H 1 6 1 10 
33 Y 1 25 1 20 
34 Y 1 15 1 9 
35 X 1 25 1 33 
36 H 1 9 1 0 
37 X 1 1 1 28 
38 H 1 20 1 22 
39 X 1 4 1 19 
40 X 1 15 1 34 
41 H 1 24 1 13 
42 H 1 19 1 22 
43 Y 1 2 1 4 
44 Y 1 0 1 23 
45 X 1 4 1 39 
46 CNOT 2 21 6 1 32 
47 H 1 26 1 19 
48 CNOT 2 11 20 2 29 38 
49 CNOT 2 4 13 2 74 62 
50 X 1 9 1 97 
51 X 1 22 1 109 
52 CNOT 2 11 26 2 89 107 
53 X 1 25 1 63 
54 X 1 29 1 27 
55 CNOT 2 30 22 1 31 
56 X 1 17 1 26 
57 X 1 22 1 55 
58 Y 1 20 1 48 
59 Y 1 19 1 42 
60 Y 1 12 1 15 
61 CNOT 2 9 3 1 36 
62 Y 1 13 1 30 
63 CNOT 2 25 22 2 57 35 
64 Y 1 14 1 14 
65 Y 1 30 1 55 
66 X 1 17 1 56 
67 H 1 1 1 37 
68 CNOT 2 30 26 2 65 47 
69 CNOT 2 16 2 1 43 
70 Y 1 1 1 67 
71 X 1 8 0 
72 CNOT 2 2 0 2 24 69 
73 Y 1 5 0 
74 H 1 4 1 45 
75 X 1 9 1 61 
76 H 1 7 1 5 
77 Y 1 3 1 61 
78 H 1 1 1 70 
79 X 1 31 1 27 
80 X 1 0 1 72 
81 X 1 24 1 41 
82 Y 1 21 1 46 
83 Y 1 11 1 48 
84 X 1 20 1 58 
85 X 1 16 1 69 
86 Y 1 17 1 66 
87 CNOT 2 10 6 1 24 
88 X 1 30 1 68 
89 Y 1 11 1 83 
90 H 1 26 1 68 
91 CNOT 2 8 21 2 82 71 
92 X 1 1 1 78 
93 Y 1 17 1 86 
94 CNOT 2 3 27 2 11 77 
95 H 1 28 1 29 
96 CNOT 2 22 31 2 79 63 
97 X 1 9 1 75 
98 Y 1 10 1 87 
99 Y 1 2 1 72 
100 Y 1 18 1 25 
101 X 1 1 1 92 
102 X 1 29 1 54 
103 Y 1 16 1 85 
104 X 1 6 1 87 
105 Y 1 14 1 64 
106 X 1 19 1 59 
107 H 1 26 1 90 
108 X 1 31 1 96 
109 Y 1 22 1 96 
110 CNOT 2 3 24 2 81 94 
111 X 1 1 1 101 
112 CNOT 2 28 21 2 91 95 
113 H 1 24 1 110 
114 Y 1 26 1 52 
115 CNOT 2 13 18 2 49 100 
116 CNOT 2 14 15 2 40 105 
117 CNOT 2 26 1 2 114 111 
118 X 1 12 1 60 
119 X 1 3 1 110 
120 H 1 24 1 113 
121 H 1 16 1 103 
122 CNOT 2 22 15 2 51 116 
123 H 1 29 1 102 
124 Y 1 7 1 76 
125 Y 1 12 1 118 
126 CNOT 2 10 20 2 98 84 
127 X 1 18 1 115 
128 H 1 5 1 73 
129 X 1 27 1 94 
130 CNOT 2 29 26 2 123 117 
131 CNOT 2 6 5 2 104 128 
132 X 1 11 1 52 
133 Y 1 28 1 112 
134 CNOT 2 4 14 2 49 116 
135 X 1 24 1 120 
136 H 1 6 1 131 
137 H 1 21 1 112 
138 CNOT 2 5 6 2 136 131 
139 H 1 1 1 117 
140 Y 1 8 1 91 
141 Y 1 0 1 80 
142 X 1 18 1 127 
143 CNOT 2 20 23 1 126 
144 CNOT 2 21 1 2 137 139 
145 X 1 22 1 122 
