64 161
0 Y 1 54 0 
1 CNOT 2 60 17 0 
2 X 1 23 0 
3 CNOT 2 6 9 0 
4 CNOT 2 16 62 0 
5 X 1 20 0 
6 H 1 12 0 
7 Y 1 29 0 
8 Y 1 52 0 
9 Y 1 4 0 
10 X 1 12 1 6 
11 X 1 61 0 
12 Y 1 33 0 
13 CNOT 2 62 0 1 4 
14 Y 1 9 1 3 
15 CNOT 2 7 39 0 
16 X 1 32 0 
17 CNOT 2 49 27 0 
18 H 1 10 0 
19 X 1 52 1 8 
20 Y 1 22 0 
21 Y 1 31 0 
22 CNOT 2 19 44 0 
23 X 1 40 0 
24 Y 1 46 0 
25 CNOT 2 23 20 2 2 5 
26 X 1 2 0 
27 CNOT 2 49 53 1 17 
28 CNOT 2 9 60 2 1 14 
29 H 1 52 1 19 
30 Y 1 11 0 
31 Y 1 32 1 16 
32 X 1 41 0 
33 Y 1 6 1 3 
34 H 1 16 1 4 
35 X 1 38 0 
36 CNOT 2 7 45 1 15 
37 H 1 4 1 9 
38 CNOT 2 3 51 0 
39 CNOT 2 29 37 1 7 
40 H 1 11 1 30 
41 Y 1 43 0 
42 CNOT 2 34 4 1 37 
43 H 1 2 1 26 
44 H 1 36 0 
45 Y 1 17 1 97 
46 H 1 32 1 88 
47 H 1 34 1 42 
48 X 1 26 0 
49 Y 1 1 0 
50 H 1 46 1 24 
51 H 1 27 1 17 
52 X 1 10 1 18 
53 CNOT 2 53 12 2 10 27 
54 Y 1 6 1 33 
55 X 1 19 1 22 
56 CNOT 2 45 63 1 36 
57 Y 1 12 1 53 
58 H 1 53 1 53 
59 Y 1 23 1 25 
60 X 1 31 1 21 
61 CNOT 2 51 31 2 60 38 
62 Y 1 60 1 28 
63 CNOT 2 55 54 1 0 
64 Y 1 23 1 59 
65 CNOT 2 28 52 1 29 
66 Y 1 28 1 65 
67 H 1 62 1 13 
68 X 1 0 1 13 
69 H 1 11 1 40 
70 H 1 58 0 
71 X 1 42 0 
72 X 1 3 1 38 
73 X 1 30 0 
74 H 1 59 0 
75 H 1 16 1 34 
76 X 1 34 1 47 
77 CNOT 2 22 37 2 20 39 
78 Y 1 49 1 27 
79 X 1 36 1 44 
80 Y 1 35 0 
81 CNOT 2 2 43 2 41 43 
82 CNOT 2 52 17 2 1 65 
83 CNOT 2 1 40 2 49 23 
84 CNOT 2 47 7 1 36 
85 Y 1 27 1 51 
86 X 1 48 0 
87 X 1 7 1 84 
88 X 1 32 1 31 
89 Y 1 41 1 32 
90 X 1 20 1 25 
91 Y 1 35 1 80 
92 Y 1 24 0 
93 H 1 4 1 42 
94 X 1 20 1 90 
95 Y 1 3 1 72 
96 X 1 21 0 
97 X 1 17 1 82 
98 H 1 62 1 67 
99 Y 1 47 1 84 
100 Y 1 43 1 81 
101 H 1 26 1 48 
102 H 1 55 1 63 
103 CNOT 2 31 24 2 92 61 
104 CNOT 2 28 9 2 66 28 
105 CNOT 2 41 53 2 89 58 
106 X 1 24 1 103 
107 X 1 18 0 
108 H 1 2 1 81 
109 X 1 39 1 15 
110 CNOT 2 36 35 2 91 79 
111 CNOT 2 17 55 2 45 102 
112 Y 1 0 1 68 
113 Y 1 45 1 56 
114 Y 1 10 1 52 
115 X 1 11 1 69 
116 H 1 33 1 12 
117 CNOT 2 63 55 2 56 111 
118 H 1 45 1 113 
119 Y 1 42 1 71 
120 H 1 11 1 115 
121 CNOT 2 12 10 2 57 114 
122 H 1 35 1 110 
123 Y 1 30 1 73 
124 H 1 32 1 46 
125 Y 1 28 1 104 
126 Y 1 18 1 107 
127 H 1 56 0 
128 H 1 58 1 70 
129 Y 1 41 1 105 
130 CNOT 2 12 51 2 121 61 
131 X 1 0 1 112 
132 X 1 39 1 109 
133 X 1 10 1 121 
134 CNOT 2 53 39 2 105 132 
135 H 1 2 1 108 
136 X 1 62 1 98 
137 H 1 27 1 85 
138 Y 1 37 1 77 
139 CNOT 2 50 6 1 54 
140 CNOT 2 54 49 2 78 63 
141 H 1 53 1 134 
142 CNOT 2 13 24 1 106 
143 H 1 56 1 127 
144 CNOT 2 2 54 2 140 135 
145 H 1 30 1 123 
146 H 1 19 1 55 
147 H 1 28 1 125 
148 H 1 31 1 103 
149 CNOT 2 49 33 2 140 116 
150 H 1 5 0 
151 X 1 3 1 95 
152 X 1 7 1 87 
153 X 1 19 1 146 
154 CNOT 2 27 47 2 137 99 
155 H 1 13 1 142 
156 X 1 45 1 118 
157 Y 1 15 0 
158 CNOT 2 31 47 2 154 148 
159 Y 1 32 1 124 
160 H 1 0 1 131 
