55 59
0 H 1 11 0 
1 Y 1 29 0 
2 Y 1 53 0 
3 X 1 52 0 
4 H 1 31 1 14 
5 Y 1 46 0 
6 CNOT 2 39 42 0 
7 Y 1 27 0 
8 Y 1 47 0 
9 H 1 54 0 
10 CNOT 2 1 19 0 
11 H 1 19 1 10 
12 Y 1 51 0 
13 Y 1 7 0 
14 X 1 31 0 
15 Y 1 40 0 
16 CNOT 2 14 42 1 6 
17 H 1 27 1 7 
18 Y 1 9 0 
19 X 1 28 0 
20 X 1 33 0 
21 CNOT 2 51 8 1 12 
22 X 1 39 1 6 
23 H 1 18 0 
24 X 1 33 1 20 
25 Y 1 4 0 
26 CNOT 2 49 6 0 
27 X 1 13 0 
28 H 1 43 0 
29 CNOT 2 18 51 2 21 23 
30 X 1 12 1 44 
31 CNOT 2 16 53 1 2 
32 H 1 22 0 
33 Y 1 4 1 25 
34 H 1 34 0 
35 CNOT 2 31 44 1 4 
36 X 1 20 0 
37 X 1 35 0 
38 H 1 17 0 
39 Y 1 36 0 
40 CNOT 2 12 28 1 19 
41 H 1 54 1 9 
42 H 1 30 0 
43 Y 1 10 0 
44 X 1 12 1 40 
45 Y 1 26 0 
46 H 1 40 1 15 
47 H 1 38 0 
48 H 1 48 0 
49 X 1 31 1 35 
50 Y 1 31 1 49 
51 Y 1 37 0 
52 CNOT 2 45 8 1 21 
53 X 1 42 1 16 
54 X 1 4 1 33 
55 Y 1 54 1 41 
56 CNOT 2 4 18 2 29 54 
57 Y 1 27 1 17 
58 H 1 18 1 56 
