253 442
0 X 1 83 0 
1 X 1 240 0 
2 CNOT 2 49 192 0 
3 CNOT 2 147 201 0 
4 H 1 38 0 
5 Y 1 104 0 
6 H 1 98 0 
7 Y 1 73 0 
8 H 1 185 0 
9 X 1 216 0 
10 H 1 208 0 
11 X 1 31 0 
12 X 1 227 0 
13 CNOT 2 164 171 0 
14 Y 1 95 0 
15 H 1 66 0 
16 H 1 166 0 
17 Y 1 247 0 
18 X 1 88 0 
19 Y 1 111 0 
20 X 1 151 0 
21 Y 1 102 0 
22 X 1 225 0 
23 CNOT 2 55 237 0 
24 X 1 67 1 30 
25 Y 1 125 0 
26 X 1 114 0 
27 H 1 60 0 
28 Y 1 142 0 
29 CNOT 2 75 11 0 
30 H 1 67 0 
31 Y 1 118 0 
32 H 1 169 0 
33 Y 1 0 0 
34 CNOT 2 214 139 0 
35 Y 1 190 0 
36 X 1 96 0 
37 CNOT 2 131 38 1 4 
38 X 1 83 1 0 
39 H 1 146 0 
40 H 1 70 0 
41 H 1 10 0 
42 CNOT 2 149 164 1 13 
43 CNOT 2 169 113 1 32 
44 Y 1 220 0 
45 X 1 130 0 
46 X 1 154 0 
47 X 1 194 0 
48 H 1 166 1 16 
49 CNOT 2 222 86 0 
50 H 1 161 0 
51 CNOT 2 45 192 1 2 
52 CNOT 2 127 243 0 
53 H 1 108 0 
54 CNOT 2 196 186 1 99 
55 CNOT 2 236 60 1 27 
56 X 1 48 0 
57 H 1 141 1 101 
58 CNOT 2 39 210 0 
59 Y 1 23 0 
60 X 1 38 1 37 
61 X 1 35 0 
62 X 1 204 0 
63 X 1 130 1 45 
64 X 1 108 1 53 
65 Y 1 194 1 47 
66 Y 1 62 0 
67 H 1 57 0 
68 CNOT 2 244 233 0 
69 H 1 43 0 
70 H 1 42 0 
71 X 1 79 0 
72 H 1 141 0 
73 CNOT 2 243 184 1 52 
74 H 1 97 0 
75 X 1 62 1 66 
76 X 1 198 0 
77 CNOT 2 215 141 1 72 
78 Y 1 188 0 
79 Y 1 21 0 
80 X 1 4 0 
81 X 1 174 0 
82 X 1 111 1 19 
83 X 1 175 0 
84 Y 1 57 1 67 
85 X 1 43 1 69 
86 X 1 24 0 
87 CNOT 2 166 239 1 48 
88 CNOT 2 251 127 1 52 
89 Y 1 241 0 
90 Y 1 234 0 
91 X 1 187 0 
92 CNOT 2 37 66 1 15 
93 X 1 61 0 
94 X 1 58 0 
95 CNOT 2 29 34 0 
96 X 1 142 1 28 
97 H 1 188 1 78 
98 CNOT 2 188 20 1 97 
99 X 1 196 0 
100 Y 1 128 0 
101 X 1 141 1 77 
102 H 1 157 0 
103 H 1 249 0 
104 H 1 147 1 3 
105 H 1 90 0 
106 X 1 99 0 
107 H 1 94 0 
108 CNOT 2 152 218 0 
109 CNOT 2 143 251 1 88 
110 H 1 32 0 
111 CNOT 2 63 222 1 49 
112 X 1 211 0 
113 H 1 172 1 153 
114 H 1 206 1 190 
115 CNOT 2 124 216 1 142 
116 H 1 141 1 57 
117 Y 1 164 1 42 
118 Y 1 5 1 198 
119 X 1 170 0 
120 Y 1 142 1 96 
121 CNOT 2 129 160 0 
122 Y 1 102 1 21 
123 X 1 40 0 
124 X 1 190 1 35 
125 X 1 103 0 
126 CNOT 2 57 170 2 84 119 
127 Y 1 81 0 
128 X 1 117 0 
129 H 1 246 0 
130 H 1 109 0 
131 Y 1 102 1 122 
132 X 1 65 0 
133 CNOT 2 117 228 1 128 
134 CNOT 2 167 44 0 
135 Y 1 46 0 
136 CNOT 2 224 78 0 
137 CNOT 2 181 170 1 126 
138 H 1 92 0 
139 X 1 19 0 
140 CNOT 2 40 246 2 129 123 
141 Y 1 170 1 137 
142 CNOT 2 216 250 1 9 
143 CNOT 2 188 20 1 98 
144 H 1 54 0 
145 Y 1 65 1 132 
146 Y 1 213 0 
147 CNOT 2 235 174 1 81 
148 H 1 204 1 62 
149 H 1 162 0 
150 X 1 84 0 
151 H 1 224 1 136 
152 CNOT 2 12 88 1 18 
153 CNOT 2 105 172 0 
154 CNOT 2 128 36 1 100 
155 Y 1 97 1 74 
156 X 1 127 1 88 
157 CNOT 2 117 86 2 49 133 
158 CNOT 2 185 195 1 8 
159 H 1 249 1 103 
160 H 1 18 0 
161 X 1 139 1 34 
162 H 1 193 0 
163 X 1 192 1 51 
164 H 1 78 1 136 
165 X 1 18 1 160 
166 X 1 16 0 
167 X 1 242 0 
168 CNOT 2 49 44 2 2 134 
169 X 1 222 1 111 
170 CNOT 2 106 115 0 
171 Y 1 145 0 
172 CNOT 2 203 22 0 
173 X 1 144 0 
174 CNOT 2 212 92 1 138 
175 CNOT 2 167 36 2 154 134 
176 CNOT 2 163 57 1 126 
177 CNOT 2 26 161 1 50 
178 CNOT 2 7 63 1 111 
179 X 1 89 0 
180 H 1 153 0 
181 X 1 76 0 
182 H 1 0 1 33 
183 H 1 160 1 121 
184 X 1 20 1 143 
185 X 1 50 0 
186 CNOT 2 223 235 1 147 
187 X 1 107 0 
188 H 1 106 1 170 
189 X 1 230 0 
190 X 1 206 0 
191 Y 1 61 1 93 
192 H 1 53 0 
193 H 1 21 1 79 
194 X 1 149 1 42 
195 CNOT 2 54 167 2 144 175 
196 H 1 133 0 
197 H 1 83 1 38 
198 Y 1 5 0 
199 Y 1 11 1 29 
200 H 1 224 1 151 
201 Y 1 166 1 87 
202 X 1 156 0 
203 CNOT 2 159 161 1 177 
204 CNOT 2 45 120 1 51 
205 X 1 93 0 
206 X 1 6 1 359 
207 X 1 131 1 37 
208 X 1 15 1 377 
209 CNOT 2 60 26 2 177 55 
210 H 1 24 1 244 
211 H 1 181 1 137 
212 H 1 32 1 327 
213 CNOT 2 24 7 2 210 269 
214 CNOT 2 160 217 1 345 
215 CNOT 2 107 170 2 389 398 
216 H 1 238 1 334 
217 X 1 140 1 292 
218 H 1 198 1 76 
219 H 1 150 1 403 
220 Y 1 126 0 
221 CNOT 2 10 20 2 184 41 
222 Y 1 207 0 
223 CNOT 2 51 135 0 
224 H 1 184 1 73 
225 CNOT 2 70 95 2 40 14 
226 Y 1 116 0 
227 X 1 168 0 
228 X 1 154 1 46 
229 CNOT 2 229 194 1 65 
230 Y 1 148 0 
231 CNOT 2 16 188 2 166 143 
232 H 1 12 1 152 
233 X 1 71 0 
234 CNOT 2 216 25 1 115 
235 X 1 212 1 174 
236 Y 1 118 1 31 
237 Y 1 164 1 117 
238 X 1 2 0 
239 Y 1 246 1 140 
240 X 1 15 0 
241 H 1 180 0 
242 X 1 182 0 
243 Y 1 47 0 
244 H 1 24 1 86 
245 X 1 78 1 164 
246 X 1 38 1 60 
247 X 1 101 0 
248 CNOT 2 30 29 1 95 
249 X 1 183 0 
250 H 1 119 0 
251 H 1 128 1 154 
252 CNOT 2 105 199 1 153 
253 X 1 234 1 90 
254 Y 1 136 0 
255 CNOT 2 136 45 2 204 254 
256 Y 1 86 1 157 
257 CNOT 2 75 83 2 29 197 
258 Y 1 86 1 256 
259 CNOT 2 246 137 1 239 
260 Y 1 248 0 
261 CNOT 2 122 205 0 
262 H 1 221 0 
263 CNOT 2 96 161 2 203 36 
264 Y 1 124 1 115 
265 CNOT 2 233 12 2 232 68 
266 H 1 191 0 
267 H 1 36 1 175 
268 H 1 219 0 
269 Y 1 7 1 178 
270 Y 1 76 1 181 
271 H 1 73 1 7 
272 CNOT 2 243 233 2 73 265 
273 Y 1 110 0 
274 X 1 173 0 
275 CNOT 2 85 34 1 95 
276 H 1 245 0 
277 X 1 176 0 
278 X 1 184 1 224 
279 X 1 23 1 59 
280 CNOT 2 166 175 2 201 83 
281 X 1 21 1 193 
282 X 1 171 1 13 
283 Y 1 45 1 255 
284 X 1 188 1 231 
285 CNOT 2 248 171 2 282 260 
286 H 1 251 1 109 
287 H 1 207 1 222 
288 CNOT 2 156 118 2 202 236 
289 Y 1 17 0 
290 CNOT 2 135 213 2 146 223 
291 H 1 17 1 289 
292 H 1 140 0 
293 H 1 87 0 
294 CNOT 2 107 245 2 187 276 
295 CNOT 2 44 58 2 168 94 
296 X 1 169 1 43 
297 Y 1 240 1 1 
298 Y 1 111 1 82 
299 Y 1 232 0 
300 X 1 213 1 290 
301 X 1 162 1 149 
302 Y 1 238 0 
303 Y 1 21 1 281 
304 Y 1 30 1 248 
305 X 1 0 1 182 
306 H 1 126 1 220 
307 X 1 194 1 229 
308 X 1 21 1 303 
309 Y 1 247 1 17 
310 H 1 210 1 58 
311 CNOT 2 200 231 0 
312 H 1 42 1 70 
313 X 1 220 1 44 
314 CNOT 2 248 94 2 107 285 
315 X 1 21 1 308 
316 X 1 189 0 
317 X 1 52 0 
318 H 1 138 0 
319 CNOT 2 160 233 2 272 183 
320 H 1 183 1 249 
321 Y 1 13 0 
322 X 1 222 1 169 
323 CNOT 2 17 107 2 291 294 
324 X 1 35 1 61 
325 X 1 98 1 6 
326 Y 1 27 0 
327 H 1 32 1 110 
328 H 1 142 1 120 
329 X 1 4 1 80 
330 CNOT 2 207 130 2 287 63 
331 X 1 91 0 
332 CNOT 2 51 14 1 223 
333 H 1 57 1 176 
334 Y 1 238 1 302 
335 CNOT 2 98 109 2 130 325 
336 H 1 86 1 258 
337 X 1 75 1 257 
338 H 1 152 1 108 
339 CNOT 2 101 14 2 332 247 
340 X 1 37 1 92 
341 H 1 80 0 
342 Y 1 183 1 320 
343 Y 1 1 0 
344 H 1 201 1 3 
345 CNOT 2 58 160 2 319 295 
346 Y 1 195 1 158 
347 X 1 105 1 252 
348 CNOT 2 216 192 2 234 163 
349 Y 1 242 1 167 
350 CNOT 2 212 188 2 235 284 
351 CNOT 2 235 134 1 186 
352 Y 1 177 0 
353 Y 1 219 1 268 
354 Y 1 138 1 318 
355 X 1 178 0 
356 H 1 175 1 280 
357 H 1 25 1 234 
358 Y 1 212 1 350 
359 CNOT 2 172 6 1 113 
360 X 1 47 1 243 
361 H 1 52 1 317 
362 X 1 42 1 312 
363 CNOT 2 148 184 2 278 230 
364 Y 1 16 1 231 
365 Y 1 195 1 346 
366 H 1 84 1 150 
367 X 1 248 1 314 
368 CNOT 2 14 247 2 339 309 
369 CNOT 2 34 161 2 275 263 
370 H 1 171 1 285 
371 H 1 75 1 337 
372 H 1 124 1 264 
373 CNOT 2 163 251 2 176 286 
374 Y 1 80 1 341 
375 X 1 47 1 360 
376 CNOT 2 149 67 2 24 194 
377 CNOT 2 150 15 1 240 
378 X 1 192 1 348 
379 CNOT 2 201 1 2 344 343 
380 X 1 57 1 333 
381 X 1 82 0 
382 X 1 95 1 225 
383 H 1 171 1 370 
384 Y 1 50 1 185 
385 X 1 136 1 255 
386 X 1 196 1 54 
387 CNOT 2 102 230 2 131 189 
388 Y 1 144 1 173 
389 CNOT 2 107 10 2 323 221 
390 H 1 241 1 89 
391 Y 1 214 1 34 
392 CNOT 2 66 122 2 92 261 
393 CNOT 2 233 202 1 319 
394 X 1 142 1 328 
395 Y 1 21 1 315 
396 H 1 174 1 147 
397 X 1 190 1 124 
398 Y 1 170 1 141 
399 CNOT 2 141 12 2 265 116 
400 X 1 213 1 300 
401 H 1 62 1 75 
402 H 1 185 1 158 
403 H 1 150 1 377 
404 CNOT 2 96 13 2 321 263 
405 CNOT 2 239 183 2 342 87 
406 H 1 35 1 324 
407 X 1 213 1 400 
408 Y 1 6 1 206 
409 Y 1 154 1 228 
410 X 1 127 1 156 
411 CNOT 2 120 128 2 251 204 
412 CNOT 2 179 15 1 208 
413 H 1 108 1 64 
414 H 1 215 1 77 
415 CNOT 2 245 88 2 152 294 
416 Y 1 209 0 
417 CNOT 2 237 9 1 23 
418 H 1 80 1 374 
419 Y 1 103 1 125 
420 CNOT 2 4 195 2 329 365 
421 Y 1 194 1 307 
422 H 1 96 1 404 
423 X 1 179 1 412 
424 H 1 125 1 25 
425 Y 1 141 1 399 
426 CNOT 2 59 55 1 23 
427 X 1 222 1 322 
428 CNOT 2 150 132 1 219 
429 H 1 13 1 404 
430 X 1 239 1 405 
431 H 1 150 1 428 
432 CNOT 2 112 141 1 425 
433 X 1 202 1 393 
434 Y 1 219 1 353 
435 Y 1 163 1 373 
436 X 1 15 1 412 
437 H 1 24 1 213 
438 H 1 129 1 121 
439 X 1 40 1 140 
440 X 1 39 1 58 
441 Y 1 199 1 252 
