128 444
0 CNOT 2 105 121 0 
1 X 1 43 0 
2 H 1 66 0 
3 CNOT 2 33 67 0 
4 H 1 20 0 
5 X 1 39 0 
6 X 1 122 0 
7 H 1 41 0 
8 H 1 98 0 
9 H 1 78 0 
10 X 1 6 0 
11 CNOT 2 85 81 0 
12 H 1 122 1 6 
13 CNOT 2 104 29 0 
14 H 1 102 0 
15 CNOT 2 111 81 1 11 
16 X 1 52 0 
17 H 1 123 0 
18 CNOT 2 127 17 0 
19 H 1 10 0 
20 CNOT 2 118 26 0 
21 CNOT 2 23 8 0 
22 CNOT 2 25 53 0 
23 X 1 24 0 
24 CNOT 2 102 49 1 14 
25 H 1 83 0 
26 Y 1 66 1 2 
27 Y 1 52 1 16 
28 X 1 37 0 
29 H 1 35 0 
30 Y 1 16 0 
31 H 1 98 1 8 
32 X 1 24 1 23 
33 X 1 24 1 32 
34 Y 1 1 0 
35 X 1 23 1 21 
36 CNOT 2 26 58 1 20 
37 X 1 29 1 13 
38 H 1 75 0 
39 H 1 31 0 
40 Y 1 121 1 0 
41 X 1 89 0 
42 CNOT 2 69 19 0 
43 X 1 68 0 
44 Y 1 41 1 7 
45 X 1 101 0 
46 X 1 76 0 
47 H 1 12 0 
48 Y 1 33 1 3 
49 X 1 31 1 39 
50 X 1 73 0 
51 CNOT 2 114 63 0 
52 X 1 82 0 
53 H 1 93 0 
54 CNOT 2 12 111 2 47 15 
55 CNOT 2 118 106 1 20 
56 CNOT 2 107 1 1 34 
57 X 1 3 0 
58 X 1 81 1 15 
59 CNOT 2 75 84 1 38 
60 X 1 83 1 25 
61 X 1 95 0 
62 CNOT 2 34 50 0 
63 CNOT 2 87 108 0 
64 CNOT 2 48 79 0 
65 Y 1 52 1 27 
66 CNOT 2 26 121 2 40 36 
67 X 1 88 0 
68 CNOT 2 110 18 0 
69 Y 1 7 0 
70 X 1 27 0 
71 X 1 9 0 
72 X 1 85 1 11 
73 Y 1 27 1 70 
74 Y 1 102 1 24 
75 H 1 69 1 42 
76 H 1 16 1 30 
77 H 1 25 1 22 
78 H 1 86 0 
79 CNOT 2 76 66 2 26 46 
80 X 1 69 1 75 
81 Y 1 19 1 42 
82 H 1 80 0 
83 H 1 16 1 76 
84 Y 1 21 0 
85 H 1 106 1 55 
86 X 1 87 1 63 
87 Y 1 101 1 45 
88 Y 1 96 0 
89 X 1 16 1 83 
90 H 1 56 0 
91 CNOT 2 19 81 2 81 58 
92 H 1 54 0 
93 H 1 46 0 
94 X 1 17 1 18 
95 H 1 113 0 
96 H 1 71 0 
97 Y 1 12 1 54 
98 Y 1 60 1 167 
99 CNOT 2 107 2 2 56 189 
100 CNOT 2 31 42 2 207 175 
101 CNOT 2 56 123 2 193 196 
102 CNOT 2 46 21 2 192 124 
103 CNOT 2 60 76 2 98 150 
104 X 1 51 0 
105 X 1 45 0 
106 H 1 36 0 
107 H 1 4 0 
108 Y 1 18 1 68 
109 X 1 16 1 89 
110 X 1 10 1 19 
111 Y 1 56 1 90 
112 X 1 48 1 64 
113 X 1 117 0 
114 Y 1 78 1 9 
115 X 1 88 1 67 
116 H 1 95 1 61 
117 H 1 57 0 
118 Y 1 67 1 3 
119 X 1 58 1 36 
120 X 1 16 1 109 
121 H 1 88 1 115 
122 CNOT 2 40 29 1 37 
123 H 1 12 1 97 
124 X 1 21 1 84 
125 Y 1 92 0 
126 X 1 17 1 94 
127 Y 1 14 0 
128 CNOT 2 82 27 2 73 52 
129 Y 1 60 0 
130 H 1 66 1 79 
131 Y 1 124 0 
132 H 1 105 1 0 
133 H 1 1 1 56 
134 X 1 5 0 
135 X 1 1 1 133 
136 Y 1 51 1 104 
137 Y 1 31 1 49 
138 H 1 119 0 
139 H 1 44 0 
140 X 1 6 1 10 
141 X 1 118 1 55 
142 Y 1 53 1 22 
143 Y 1 116 0 
144 X 1 108 1 63 
145 CNOT 2 78 25 2 114 77 
146 CNOT 2 90 61 0 
147 Y 1 113 1 95 
148 Y 1 50 1 62 
149 CNOT 2 17 114 2 51 126 
150 H 1 76 1 79 
151 CNOT 2 52 36 2 65 106 
152 H 1 57 1 117 
153 Y 1 39 1 5 
154 X 1 11 0 
155 CNOT 2 5 114 2 149 134 
156 CNOT 2 40 68 2 122 43 
157 H 1 39 1 153 
158 X 1 34 1 62 
159 CNOT 2 46 5 2 155 93 
160 CNOT 2 88 60 2 121 129 
161 H 1 68 1 156 
162 Y 1 19 1 91 
163 CNOT 2 66 90 2 130 146 
164 Y 1 13 0 
165 H 1 74 0 
166 X 1 27 1 128 
167 CNOT 2 60 93 2 160 53 
168 X 1 26 1 66 
169 Y 1 5 1 159 
170 CNOT 2 9 108 2 144 71 
171 CNOT 2 42 78 1 145 
172 Y 1 43 1 1 
173 X 1 77 0 
174 X 1 62 0 
175 H 1 31 1 137 
176 Y 1 118 1 141 
177 X 1 64 0 
178 H 1 56 1 111 
179 Y 1 1 1 135 
180 CNOT 2 115 92 1 125 
181 CNOT 2 39 112 1 157 
182 X 1 123 1 17 
183 CNOT 2 78 23 2 35 171 
184 CNOT 2 29 84 2 122 59 
185 H 1 103 0 
186 Y 1 112 1 181 
187 Y 1 34 1 158 
188 X 1 74 1 165 
189 Y 1 2 0 
190 X 1 77 1 173 
191 Y 1 88 1 160 
192 CNOT 2 91 46 1 159 
193 CNOT 2 56 6 2 178 140 
194 X 1 105 1 132 
195 X 1 10 1 110 
196 CNOT 2 6 123 2 193 182 
197 X 1 7 1 69 
198 CNOT 2 6 98 2 196 31 
199 X 1 11 1 154 
200 X 1 120 0 
201 Y 1 33 1 48 
202 H 1 95 1 116 
203 CNOT 2 44 108 2 170 139 
204 CNOT 2 119 122 2 138 12 
205 X 1 70 0 
206 CNOT 2 80 53 2 82 142 
207 Y 1 42 1 171 
208 X 1 73 1 50 
209 Y 1 18 1 108 
210 X 1 76 1 383 
211 H 1 51 1 314 
212 X 1 22 1 352 
213 H 1 33 1 368 
214 H 1 100 1 396 
215 X 1 5 1 365 
216 H 1 25 1 145 
217 H 1 127 1 264 
218 X 1 124 1 369 
219 Y 1 86 1 78 
220 CNOT 2 84 22 2 354 212 
221 H 1 52 1 151 
222 Y 1 22 0 
223 CNOT 2 74 13 2 188 164 
224 CNOT 2 36 92 2 180 151 
225 Y 1 93 1 167 
226 Y 1 41 1 44 
227 Y 1 24 1 33 
228 X 1 113 1 147 
229 H 1 29 1 184 
230 CNOT 2 64 26 2 168 177 
231 H 1 110 1 68 
232 H 1 75 1 59 
233 Y 1 71 1 96 
234 CNOT 2 120 45 2 200 105 
235 Y 1 84 1 184 
236 H 1 118 1 176 
237 H 1 109 0 
238 Y 1 31 1 100 
239 CNOT 2 71 55 1 233 
240 Y 1 126 0 
241 CNOT 2 41 24 2 226 227 
242 Y 1 112 1 186 
243 X 1 31 1 238 
244 Y 1 40 1 156 
245 X 1 78 1 183 
246 X 1 84 1 235 
247 X 1 35 1 29 
248 H 1 46 1 102 
249 X 1 84 1 246 
250 CNOT 2 79 119 2 64 204 
251 CNOT 2 8 90 2 163 21 
252 H 1 58 1 119 
253 CNOT 2 3 99 1 57 
254 X 1 80 1 206 
255 Y 1 31 1 243 
256 H 1 37 1 28 
257 CNOT 2 69 29 2 80 229 
258 H 1 123 1 101 
259 X 1 15 0 
260 X 1 38 0 
261 CNOT 2 72 50 1 148 
262 H 1 36 1 224 
263 H 1 34 1 187 
264 H 1 127 1 18 
265 H 1 122 1 204 
266 CNOT 2 15 80 2 259 254 
267 CNOT 2 0 14 1 127 
268 CNOT 2 9 89 2 41 170 
269 Y 1 96 1 88 
270 X 1 104 1 13 
271 H 1 5 1 169 
272 H 1 19 1 162 
273 H 1 125 0 
274 Y 1 33 1 201 
275 H 1 60 1 103 
276 X 1 85 1 72 
277 H 1 19 1 272 
278 CNOT 2 60 44 2 275 203 
279 Y 1 76 1 103 
280 X 1 93 1 225 
281 H 1 123 1 258 
282 CNOT 2 113 47 1 228 
283 CNOT 2 85 48 2 112 276 
284 H 1 80 1 266 
285 CNOT 2 11 56 2 101 199 
286 H 1 124 1 131 
287 X 1 26 1 230 
288 CNOT 2 113 16 2 120 282 
289 Y 1 108 1 203 
290 Y 1 87 1 86 
291 X 1 44 1 278 
292 X 1 33 1 274 
293 H 1 24 1 241 
294 X 1 13 1 223 
295 H 1 56 1 285 
296 CNOT 2 87 91 2 192 290 
297 X 1 105 1 194 
298 CNOT 2 90 41 2 241 251 
299 X 1 31 1 255 
300 H 1 38 1 260 
301 H 1 70 1 205 
302 H 1 89 1 268 
303 CNOT 2 91 73 2 208 296 
304 H 1 113 1 288 
305 H 1 3 1 253 
306 X 1 100 0 
307 X 1 84 1 249 
308 CNOT 2 109 122 2 265 237 
309 H 1 89 1 302 
310 X 1 8 1 251 
311 X 1 123 1 281 
312 H 1 72 1 261 
313 X 1 46 1 248 
314 X 1 51 1 136 
315 X 1 67 1 118 
316 X 1 117 1 113 
317 H 1 22 1 222 
318 CNOT 2 95 89 2 202 309 
319 X 1 57 1 152 
320 CNOT 2 80 76 2 284 279 
321 Y 1 92 1 224 
322 H 1 10 1 195 
323 H 1 116 1 143 
324 Y 1 14 1 267 
325 CNOT 2 102 3 2 305 74 
326 CNOT 2 87 67 2 296 315 
327 CNOT 2 9 83 2 268 60 
328 Y 1 24 1 293 
329 CNOT 2 6 102 2 325 198 
330 CNOT 2 12 55 2 123 239 
331 X 1 59 0 
332 X 1 45 1 234 
333 X 1 111 1 54 
334 Y 1 99 1 253 
335 Y 1 103 1 185 
336 H 1 9 1 327 
337 X 1 27 1 166 
338 Y 1 19 1 277 
339 H 1 15 1 266 
340 Y 1 76 1 320 
341 X 1 24 1 328 
342 Y 1 117 1 316 
343 X 1 46 1 313 
344 CNOT 2 4 87 2 107 326 
345 CNOT 2 52 22 2 221 317 
346 H 1 56 1 295 
347 Y 1 119 1 250 
348 X 1 125 1 273 
349 X 1 28 0 
350 CNOT 2 102 106 2 329 85 
351 Y 1 102 1 350 
352 CNOT 2 22 78 2 345 245 
353 X 1 54 1 92 
354 CNOT 2 44 84 2 307 291 
355 CNOT 2 61 96 2 146 269 
356 X 1 70 1 301 
357 X 1 98 1 198 
358 Y 1 97 0 
359 H 1 124 1 286 
360 CNOT 2 18 70 2 209 356 
361 CNOT 2 3 12 2 330 325 
362 H 1 80 1 320 
363 H 1 56 1 346 
364 X 1 124 1 359 
365 X 1 5 1 271 
366 H 1 120 1 234 
367 Y 1 2 1 99 
368 CNOT 2 33 62 2 292 174 
369 H 1 124 1 364 
370 CNOT 2 65 76 1 340 
371 H 1 122 1 308 
372 Y 1 60 1 278 
373 Y 1 116 1 323 
374 H 1 83 1 327 
375 CNOT 2 53 101 2 206 87 
376 Y 1 16 1 288 
377 Y 1 38 1 300 
378 X 1 65 1 370 
379 X 1 4 1 344 
380 X 1 122 1 371 
381 CNOT 2 71 61 2 355 239 
382 H 1 1 1 179 
383 H 1 76 1 370 
384 CNOT 2 104 112 2 242 270 
385 Y 1 58 1 252 
386 CNOT 2 55 48 2 330 283 
387 X 1 38 1 377 
388 H 1 18 1 360 
389 X 1 81 1 91 
390 X 1 53 1 375 
391 CNOT 2 80 24 2 362 341 
392 Y 1 37 1 256 
393 Y 1 69 1 257 
394 X 1 94 0 
395 H 1 26 1 287 
396 Y 1 100 1 306 
397 Y 1 106 1 350 
398 X 1 70 1 360 
399 H 1 92 1 321 
400 Y 1 79 1 250 
401 Y 1 108 1 289 
402 X 1 26 1 395 
403 Y 1 96 1 355 
404 CNOT 2 80 21 2 102 391 
405 H 1 113 1 304 
406 Y 1 48 1 386 
407 H 1 16 1 376 
408 H 1 115 1 180 
409 CNOT 2 115 126 2 240 408 
410 X 1 90 1 298 
411 CNOT 2 8 61 2 381 310 
412 CNOT 2 19 72 2 312 338 
413 Y 1 2 1 367 
414 H 1 116 1 373 
415 Y 1 10 1 322 
416 Y 1 43 1 172 
417 Y 1 113 1 405 
418 H 1 122 1 380 
419 CNOT 2 77 9 2 336 190 
420 H 1 117 1 342 
421 H 1 39 1 181 
422 Y 1 15 1 339 
423 X 1 27 1 337 
424 CNOT 2 44 67 2 354 326 
425 H 1 19 1 412 
426 H 1 10 1 415 
427 Y 1 87 1 344 
428 Y 1 6 1 329 
429 H 1 95 1 318 
430 CNOT 2 11 90 2 410 285 
431 H 1 37 1 392 
432 Y 1 96 1 403 
433 Y 1 50 1 261 
434 X 1 47 1 282 
435 X 1 38 1 387 
436 Y 1 26 1 402 
437 Y 1 104 1 384 
438 X 1 13 1 294 
439 X 1 3 1 361 
440 Y 1 69 1 393 
441 Y 1 10 1 426 
442 CNOT 2 127 103 2 217 335 
443 CNOT 2 66 98 2 163 357 
