16 213
0 Y 1 14 0 
1 Y 1 4 0 
2 Y 1 0 0 
3 CNOT 2 8 1 0 
4 Y 1 0 1 2 
5 X 1 11 0 
6 X 1 10 0 
7 Y 1 15 0 
8 Y 1 10 1 6 
9 CNOT 2 0 1 2 11 3 
10 Y 1 6 0 
11 Y 1 0 1 4 
12 H 1 5 0 
13 X 1 3 0 
14 X 1 4 1 1 
15 H 1 3 1 13 
16 H 1 13 0 
17 X 1 10 1 8 
18 Y 1 9 0 
19 Y 1 10 1 17 
20 CNOT 2 15 14 2 0 7 
21 H 1 9 1 18 
22 Y 1 14 1 20 
23 H 1 12 0 
24 X 1 13 1 16 
25 CNOT 2 1 11 2 9 5 
26 Y 1 6 1 10 
27 H 1 13 1 24 
28 CNOT 2 12 13 2 27 23 
29 Y 1 14 1 22 
30 CNOT 2 15 8 2 3 20 
31 H 1 5 1 12 
32 H 1 14 1 29 
33 H 1 9 1 21 
34 CNOT 2 12 13 1 28 
35 Y 1 13 1 34 
36 Y 1 15 1 30 
37 H 1 13 1 35 
38 CNOT 2 4 15 2 36 14 
39 H 1 13 1 37 
40 Y 1 12 1 34 
41 CNOT 2 1 15 2 25 38 
42 CNOT 2 11 7 1 25 
43 X 1 7 1 42 
44 H 1 15 1 41 
45 Y 1 7 1 43 
46 H 1 8 1 30 
47 H 1 12 1 40 
48 X 1 10 1 19 
49 CNOT 2 12 10 2 48 47 
50 X 1 11 1 42 
51 H 1 8 1 46 
52 CNOT 2 13 1 2 64 83 
53 H 1 1 1 52 
54 CNOT 2 5 9 2 92 69 
55 CNOT 2 14 15 2 32 97 
56 Y 1 5 1 31 
57 H 1 7 1 45 
58 X 1 0 1 9 
59 H 1 12 1 49 
60 H 1 15 1 44 
61 X 1 15 1 60 
62 CNOT 2 2 8 1 51 
63 Y 1 11 1 50 
64 X 1 13 1 39 
65 CNOT 2 8 6 2 26 62 
66 H 1 6 1 65 
67 Y 1 15 1 61 
68 CNOT 2 1 15 2 41 67 
69 Y 1 5 1 56 
70 X 1 10 1 49 
71 H 1 8 1 65 
72 X 1 4 1 38 
73 CNOT 2 10 11 2 70 63 
74 H 1 7 1 57 
75 H 1 4 1 72 
76 CNOT 2 6 11 2 73 66 
77 H 1 7 1 74 
78 H 1 8 1 71 
79 X 1 3 1 15 
80 Y 1 1 1 68 
81 CNOT 2 12 7 2 59 77 
82 X 1 11 1 76 
83 CNOT 2 1 6 2 80 76 
84 X 1 2 1 62 
85 CNOT 2 2 15 2 84 68 
86 X 1 4 1 75 
87 X 1 4 1 86 
88 Y 1 8 1 78 
89 Y 1 12 1 81 
90 H 1 11 1 82 
91 CNOT 2 9 2 2 33 85 
92 CNOT 2 11 9 2 90 91 
93 Y 1 7 1 81 
94 X 1 11 1 92 
95 Y 1 3 1 79 
96 Y 1 12 1 89 
97 CNOT 2 12 15 2 96 85 
98 CNOT 2 11 4 2 94 87 
99 X 1 9 1 156 
100 H 1 0 1 185 
101 Y 1 1 1 53 
102 CNOT 2 4 15 2 98 55 
103 H 1 8 1 88 
104 X 1 15 1 102 
105 Y 1 14 1 55 
106 H 1 6 1 83 
107 X 1 14 1 105 
108 H 1 11 1 98 
109 H 1 4 1 102 
110 Y 1 2 1 91 
111 Y 1 6 1 106 
112 X 1 4 1 109 
113 Y 1 14 1 107 
114 X 1 13 1 52 
115 CNOT 2 10 12 2 73 97 
116 X 1 11 1 108 
117 CNOT 2 9 15 2 104 54 
118 Y 1 4 1 112 
119 X 1 6 1 111 
120 CNOT 2 5 10 2 115 54 
121 X 1 0 1 58 
122 Y 1 8 1 103 
123 X 1 13 1 114 
124 X 1 15 1 117 
125 X 1 7 1 93 
126 CNOT 2 9 6 2 117 119 
127 H 1 11 1 116 
128 CNOT 2 8 15 2 122 124 
129 X 1 7 1 125 
130 H 1 10 1 120 
131 Y 1 1 1 101 
132 CNOT 2 0 10 2 121 130 
133 Y 1 14 1 113 
134 X 1 6 1 126 
135 CNOT 2 5 0 2 120 132 
136 CNOT 2 12 9 2 115 126 
137 CNOT 2 9 15 2 128 136 
138 H 1 13 1 123 
139 CNOT 2 10 12 2 136 132 
140 CNOT 2 8 12 2 128 139 
141 X 1 13 1 138 
142 X 1 9 1 137 
143 CNOT 2 4 10 2 139 118 
144 H 1 13 1 141 
145 CNOT 2 10 12 2 140 143 
146 H 1 14 1 133 
147 CNOT 2 7 15 2 129 137 
148 CNOT 2 12 7 2 145 147 
149 H 1 4 1 143 
150 Y 1 3 1 95 
151 X 1 8 1 140 
152 CNOT 2 8 11 2 151 127 
153 CNOT 2 13 14 2 144 146 
154 CNOT 2 13 2 2 153 110 
155 CNOT 2 1 0 2 131 135 
156 H 1 9 1 142 
157 CNOT 2 11 13 2 152 154 
158 X 1 1 1 155 
159 X 1 11 1 157 
160 Y 1 11 1 159 
161 X 1 14 1 153 
162 X 1 3 1 150 
163 X 1 8 1 152 
164 CNOT 2 1 5 2 158 135 
165 Y 1 12 1 148 
166 H 1 15 1 147 
167 Y 1 1 1 164 
168 CNOT 2 8 15 2 163 166 
169 H 1 7 1 148 
170 X 1 11 1 160 
171 Y 1 4 1 149 
172 CNOT 2 13 0 2 155 157 
173 H 1 8 1 168 
174 CNOT 2 11 4 2 170 171 
175 H 1 8 1 173 
176 Y 1 5 1 164 
177 X 1 10 1 145 
178 H 1 4 1 174 
179 H 1 5 1 176 
180 CNOT 2 10 5 2 177 179 
181 X 1 13 1 172 
182 CNOT 2 7 12 2 169 165 
183 CNOT 2 15 8 2 168 175 
184 CNOT 2 3 8 2 162 183 
185 X 1 0 1 172 
186 X 1 5 1 180 
187 H 1 13 1 181 
188 Y 1 10 1 180 
189 Y 1 8 1 184 
190 Y 1 2 1 154 
191 H 1 8 1 189 
192 X 1 9 1 99 
193 H 1 4 1 178 
194 X 1 4 1 193 
195 H 1 14 1 161 
196 Y 1 6 1 134 
197 H 1 10 1 188 
198 Y 1 7 1 182 
199 H 1 15 1 183 
200 X 1 3 1 184 
201 Y 1 13 1 187 
202 CNOT 2 1 0 2 100 167 
203 CNOT 2 7 12 2 198 182 
204 Y 1 15 1 199 
205 CNOT 2 3 2 2 200 190 
206 CNOT 2 1 3 2 202 205 
207 X 1 7 1 203 
208 H 1 3 1 206 
209 Y 1 3 1 208 
210 X 1 12 1 203 
211 Y 1 9 1 192 
212 H 1 12 1 210 
