16 46
0 X 1 0 0 
1 X 1 9 0 
2 H 1 12 0 
3 CNOT 2 13 11 0 
4 Y 1 6 0 
5 Y 1 2 0 
6 Y 1 2 1 5 
7 CNOT 2 2 5 2 10 6 
8 Y 1 12 1 2 
9 CNOT 2 5 15 0 
10 CNOT 2 4 5 1 9 
11 H 1 9 1 1 
12 CNOT 2 1 6 1 4 
13 CNOT 2 1 8 2 24 12 
14 X 1 15 1 25 
15 X 1 11 1 3 
16 Y 1 2 1 7 
17 X 1 12 1 8 
18 CNOT 2 11 15 2 9 15 
19 X 1 4 1 10 
20 H 1 8 0 
21 CNOT 2 6 14 1 12 
22 Y 1 7 0 
23 H 1 4 1 19 
24 CNOT 2 5 8 2 20 7 
25 CNOT 2 11 15 1 18 
26 X 1 10 0 
27 H 1 9 1 11 
28 CNOT 2 3 14 1 21 
29 X 1 6 1 21 
30 Y 1 7 1 22 
31 X 1 8 1 13 
32 CNOT 2 7 13 2 3 30 
33 X 1 3 1 28 
34 Y 1 11 1 25 
35 X 1 0 1 0 
36 X 1 9 1 27 
37 CNOT 2 11 0 2 34 35 
38 CNOT 2 13 15 2 32 14 
39 H 1 7 1 32 
40 H 1 12 1 17 
41 X 1 0 1 37 
42 H 1 6 1 29 
43 X 1 2 1 16 
44 CNOT 2 2 15 2 43 38 
45 CNOT 2 0 4 2 41 23 
