256 1196
0 CNOT 2 127 62 0 
1 H 1 54 0 
2 Y 1 60 0 
3 CNOT 2 54 18 1 1 
4 H 1 253 0 
5 CNOT 2 29 170 0 
6 H 1 66 0 
7 Y 1 88 0 
8 CNOT 2 153 10 0 
9 X 1 81 0 
10 H 1 138 0 
11 CNOT 2 170 84 1 5 
12 Y 1 151 0 
13 H 1 215 0 
14 Y 1 138 1 10 
15 X 1 126 1 33 
16 CNOT 2 218 212 0 
17 X 1 240 0 
18 X 1 80 0 
19 H 1 3 0 
20 X 1 41 0 
21 H 1 4 0 
22 CNOT 2 8 31 0 
23 CNOT 2 178 130 0 
24 H 1 33 0 
25 H 1 153 1 8 
26 H 1 195 0 
27 X 1 4 1 21 
28 X 1 180 1 107 
29 X 1 76 0 
30 Y 1 35 0 
31 X 1 226 0 
32 X 1 213 0 
33 H 1 126 0 
34 Y 1 211 0 
35 Y 1 9 0 
36 CNOT 2 192 127 1 0 
37 H 1 20 0 
38 Y 1 17 0 
39 CNOT 2 0 216 0 
40 H 1 114 0 
41 H 1 188 0 
42 H 1 0 1 39 
43 CNOT 2 207 144 0 
44 X 1 82 0 
45 X 1 105 0 
46 H 1 122 0 
47 CNOT 2 199 190 0 
48 H 1 49 0 
49 CNOT 2 140 172 0 
50 CNOT 2 12 114 1 40 
51 X 1 142 0 
52 Y 1 120 0 
53 H 1 165 0 
54 H 1 191 0 
55 H 1 77 0 
56 X 1 137 0 
57 H 1 46 0 
58 X 1 227 1 141 
59 CNOT 2 132 208 0 
60 H 1 127 1 36 
61 H 1 29 1 5 
62 Y 1 55 0 
63 X 1 101 0 
64 Y 1 124 0 
65 CNOT 2 31 28 1 22 
66 Y 1 252 0 
67 H 1 197 0 
68 Y 1 57 0 
69 Y 1 144 1 43 
70 H 1 243 0 
71 Y 1 90 0 
72 H 1 6 0 
73 X 1 174 0 
74 X 1 252 1 66 
75 X 1 218 1 16 
76 X 1 30 0 
77 CNOT 2 204 188 1 41 
78 Y 1 190 1 47 
79 CNOT 2 19 232 0 
80 Y 1 39 0 
81 H 1 41 1 20 
82 X 1 121 0 
83 H 1 225 0 
84 H 1 177 0 
85 H 1 229 0 
86 H 1 26 0 
87 Y 1 220 0 
88 CNOT 2 39 138 2 80 14 
89 CNOT 2 65 11 0 
90 H 1 249 0 
91 H 1 39 1 88 
92 Y 1 203 0 
93 X 1 37 0 
94 X 1 145 0 
95 Y 1 147 0 
96 CNOT 2 223 117 0 
97 X 1 211 1 34 
98 Y 1 78 0 
99 H 1 23 0 
100 CNOT 2 173 27 0 
101 CNOT 2 117 194 1 96 
102 Y 1 219 0 
103 X 1 76 1 29 
104 X 1 25 0 
105 X 1 23 1 99 
106 CNOT 2 244 9 1 35 
107 H 1 180 0 
108 X 1 38 0 
109 X 1 77 1 55 
110 Y 1 161 0 
111 X 1 139 0 
112 CNOT 2 46 141 1 57 
113 X 1 147 1 147 
114 CNOT 2 98 150 0 
115 Y 1 6 1 72 
116 X 1 163 1 190 
117 H 1 122 1 46 
118 Y 1 103 0 
119 CNOT 2 22 14 0 
120 CNOT 2 47 220 1 87 
121 Y 1 205 0 
122 H 1 132 1 59 
123 X 1 75 0 
124 H 1 231 0 
125 CNOT 2 124 115 1 64 
126 Y 1 159 0 
127 Y 1 244 1 106 
128 H 1 160 0 
129 X 1 247 0 
130 X 1 234 0 
131 X 1 120 1 52 
132 H 1 138 1 88 
133 Y 1 164 0 
134 Y 1 154 0 
135 H 1 85 0 
136 CNOT 2 51 210 0 
137 H 1 242 0 
138 CNOT 2 169 18 1 3 
139 Y 1 151 1 12 
140 Y 1 233 0 
141 H 1 227 0 
142 Y 1 8 1 22 
143 H 1 248 0 
144 H 1 95 0 
145 X 1 166 0 
146 X 1 123 0 
147 Y 1 147 1 95 
148 H 1 5 0 
149 X 1 254 0 
150 H 1 18 1 138 
151 X 1 14 1 119 
152 CNOT 2 66 8 2 142 6 
153 CNOT 2 224 1 0 
154 X 1 88 1 7 
155 Y 1 25 1 104 
156 X 1 225 1 83 
157 Y 1 31 1 65 
158 X 1 119 0 
159 X 1 68 0 
160 X 1 225 1 156 
161 X 1 23 1 105 
162 X 1 232 1 79 
163 X 1 45 0 
164 H 1 175 0 
165 Y 1 97 0 
166 CNOT 2 209 241 0 
167 X 1 229 1 85 
168 Y 1 58 0 
169 Y 1 43 0 
170 CNOT 2 44 53 0 
171 CNOT 2 230 42 0 
172 X 1 172 1 49 
173 Y 1 94 0 
174 Y 1 254 1 149 
175 CNOT 2 66 80 2 152 18 
176 X 1 17 1 38 
177 Y 1 227 1 58 
178 Y 1 59 0 
179 X 1 125 0 
180 Y 1 97 1 165 
181 Y 1 12 1 50 
182 H 1 190 1 78 
183 X 1 239 0 
184 X 1 158 0 
185 CNOT 2 245 201 0 
186 X 1 199 1 47 
187 CNOT 2 183 226 1 31 
188 X 1 132 1 122 
189 Y 1 228 0 
190 X 1 163 0 
191 H 1 159 1 126 
192 H 1 42 1 171 
193 Y 1 137 1 56 
194 CNOT 2 20 7 1 37 
195 H 1 135 0 
196 Y 1 68 1 159 
197 CNOT 2 235 189 0 
198 X 1 152 0 
199 H 1 31 1 157 
200 CNOT 2 119 237 1 158 
201 CNOT 2 182 188 1 77 
202 CNOT 2 64 124 1 125 
203 CNOT 2 86 251 0 
204 Y 1 131 0 
205 H 1 78 1 98 
206 H 1 218 1 75 
207 H 1 54 1 3 
208 Y 1 29 1 61 
209 Y 1 7 1 194 
210 CNOT 2 244 95 2 144 359 
211 H 1 184 1 289 
212 H 1 233 1 262 
213 Y 1 10 1 267 
214 Y 1 203 1 386 
215 H 1 97 1 281 
216 Y 1 248 1 335 
217 CNOT 2 189 61 2 381 389 
218 CNOT 2 207 73 2 321 242 
219 CNOT 2 49 63 1 48 
220 Y 1 143 0 
221 H 1 30 1 404 
222 X 1 213 1 32 
223 X 1 80 1 331 
224 X 1 37 1 368 
225 CNOT 2 168 12 1 181 
226 Y 1 15 0 
227 Y 1 67 0 
228 Y 1 21 0 
229 Y 1 81 1 9 
230 X 1 18 1 150 
231 CNOT 2 245 83 1 185 
232 Y 1 251 1 203 
233 H 1 54 1 207 
234 CNOT 2 208 134 1 59 
235 X 1 150 1 114 
236 CNOT 2 166 227 2 145 177 
237 CNOT 2 68 33 2 24 196 
238 CNOT 2 51 87 1 136 
239 H 1 87 1 238 
240 Y 1 26 1 86 
241 Y 1 105 1 45 
242 X 1 73 0 
243 Y 1 141 1 112 
244 H 1 72 0 
245 CNOT 2 1 118 1 153 
246 Y 1 107 0 
247 Y 1 115 1 125 
248 Y 1 146 0 
249 CNOT 2 32 164 1 133 
250 Y 1 243 1 70 
251 H 1 111 0 
252 X 1 184 0 
253 CNOT 2 64 66 2 202 175 
254 H 1 237 1 200 
255 H 1 110 0 
256 H 1 110 1 255 
257 X 1 23 1 161 
258 H 1 128 0 
259 Y 1 52 0 
260 CNOT 2 203 131 2 204 92 
261 CNOT 2 232 176 1 162 
262 X 1 233 1 140 
263 X 1 22 1 119 
264 Y 1 214 0 
265 H 1 243 1 250 
266 H 1 60 1 2 
267 CNOT 2 246 10 1 8 
268 X 1 37 1 93 
269 X 1 89 0 
270 X 1 210 1 136 
271 H 1 14 1 151 
272 X 1 229 1 167 
273 Y 1 169 1 138 
274 H 1 240 1 17 
275 X 1 231 1 124 
276 H 1 112 0 
277 H 1 68 1 237 
278 H 1 100 0 
279 H 1 11 1 89 
280 X 1 203 1 260 
281 X 1 97 1 180 
282 CNOT 2 208 7 2 209 234 
283 H 1 46 1 112 
284 CNOT 2 212 58 2 16 168 
285 X 1 178 1 23 
286 Y 1 33 1 237 
287 H 1 206 0 
288 H 1 11 1 279 
289 X 1 184 1 252 
290 Y 1 88 1 154 
291 CNOT 2 1 27 2 100 245 
292 CNOT 2 239 147 2 113 183 
293 Y 1 48 0 
294 CNOT 2 156 251 1 232 
295 H 1 221 0 
296 Y 1 232 1 261 
297 X 1 212 1 284 
298 H 1 67 1 227 
299 Y 1 20 1 194 
300 H 1 197 1 67 
301 Y 1 91 0 
302 CNOT 2 43 18 2 169 230 
303 CNOT 2 20 0 2 42 299 
304 H 1 182 1 201 
305 CNOT 2 161 187 1 110 
306 H 1 114 1 50 
307 X 1 251 1 294 
308 H 1 212 1 297 
309 X 1 21 1 228 
310 X 1 246 1 267 
311 CNOT 2 207 201 2 185 43 
312 Y 1 189 1 197 
313 CNOT 2 223 104 1 96 
314 CNOT 2 226 135 2 187 195 
315 Y 1 197 1 300 
316 H 1 147 1 292 
317 H 1 206 1 287 
318 X 1 82 1 44 
319 CNOT 2 118 130 2 245 23 
320 Y 1 28 1 65 
321 Y 1 207 1 311 
322 CNOT 2 151 158 2 184 139 
323 Y 1 225 1 160 
324 X 1 172 1 172 
325 X 1 200 0 
326 CNOT 2 57 239 2 292 68 
327 X 1 34 0 
328 H 1 167 0 
329 Y 1 79 0 
330 X 1 62 1 0 
331 CNOT 2 80 4 2 27 175 
332 CNOT 2 108 142 1 51 
333 CNOT 2 46 11 2 288 283 
334 CNOT 2 192 59 2 178 36 
335 CNOT 2 248 128 2 258 143 
336 H 1 244 1 127 
337 Y 1 8 1 152 
338 H 1 106 0 
339 Y 1 189 1 312 
340 H 1 203 1 280 
341 X 1 102 0 
342 CNOT 2 129 87 1 239 
343 H 1 30 1 76 
344 CNOT 2 181 116 0 
345 Y 1 219 1 102 
346 H 1 163 1 116 
347 X 1 94 1 173 
348 Y 1 250 0 
349 X 1 236 0 
350 CNOT 2 91 249 2 90 301 
351 H 1 65 1 89 
352 CNOT 2 150 128 2 235 335 
353 Y 1 107 1 246 
354 H 1 209 1 166 
355 Y 1 222 0 
356 X 1 219 1 345 
357 H 1 195 1 26 
358 H 1 131 1 260 
359 CNOT 2 242 244 2 336 137 
360 X 1 241 1 166 
361 X 1 251 1 307 
362 Y 1 9 1 106 
363 X 1 188 1 201 
364 Y 1 156 1 294 
365 CNOT 2 61 60 1 266 
366 Y 1 71 0 
367 Y 1 239 1 326 
368 Y 1 37 1 268 
369 Y 1 219 1 356 
370 CNOT 2 126 5 2 148 15 
371 CNOT 2 197 127 2 315 60 
372 Y 1 78 1 205 
373 CNOT 2 83 171 1 231 
374 Y 1 76 1 103 
375 Y 1 3 1 19 
376 H 1 2 0 
377 Y 1 183 1 187 
378 H 1 190 1 182 
379 X 1 42 1 192 
380 Y 1 163 1 346 
381 H 1 189 1 339 
382 CNOT 2 226 111 2 314 251 
383 H 1 140 1 49 
384 Y 1 165 1 53 
385 X 1 153 1 25 
386 CNOT 2 203 150 2 352 340 
387 H 1 192 1 334 
388 H 1 168 1 225 
389 H 1 61 1 365 
390 X 1 201 1 311 
391 X 1 117 1 101 
392 X 1 2 1 376 
393 CNOT 2 194 86 2 203 101 
394 CNOT 2 182 146 2 248 304 
395 Y 1 122 1 117 
396 H 1 226 1 382 
397 Y 1 158 1 322 
398 CNOT 2 22 126 2 370 263 
399 CNOT 2 43 3 2 302 375 
400 X 1 114 1 306 
401 H 1 149 0 
402 H 1 101 1 63 
403 H 1 59 1 334 
404 H 1 30 1 343 
405 Y 1 166 1 236 
406 Y 1 101 1 402 
407 X 1 205 1 121 
408 Y 1 187 1 305 
409 H 1 74 0 
410 H 1 202 0 
411 Y 1 198 0 
412 H 1 201 1 390 
413 H 1 212 1 308 
414 X 1 65 1 351 
415 Y 1 6 1 115 
416 Y 1 245 1 231 
417 X 1 78 1 372 
418 CNOT 2 149 194 2 393 401 
419 Y 1 131 1 358 
420 H 1 208 1 282 
421 CNOT 2 204 250 2 348 77 
422 H 1 239 1 367 
423 X 1 242 1 359 
424 H 1 102 1 341 
425 H 1 133 0 
426 H 1 196 0 
427 CNOT 2 117 118 2 391 319 
428 CNOT 2 38 242 2 108 423 
429 X 1 154 1 134 
430 CNOT 2 133 115 2 425 247 
431 H 1 29 1 208 
432 Y 1 90 1 71 
433 Y 1 138 1 132 
434 H 1 86 1 393 
435 CNOT 2 243 121 2 265 82 
436 CNOT 2 138 204 2 433 421 
437 Y 1 176 1 867 
438 CNOT 2 191 171 2 640 704 
439 X 1 204 1 436 
440 Y 1 113 0 
441 X 1 87 1 841 
442 X 1 48 1 805 
443 X 1 100 1 793 
444 Y 1 197 1 847 
445 H 1 6 1 773 
446 Y 1 158 1 854 
447 Y 1 106 1 873 
448 X 1 61 1 493 
449 X 1 83 1 891 
450 CNOT 2 65 96 2 638 751 
451 X 1 201 1 529 
452 Y 1 18 1 795 
453 CNOT 2 153 169 2 779 822 
454 X 1 210 1 829 
455 X 1 103 1 877 
456 H 1 255 1 837 
457 CNOT 2 77 243 2 505 798 
458 Y 1 237 1 254 
459 X 1 155 1 869 
460 H 1 233 1 690 
461 CNOT 2 212 184 2 609 211 
462 Y 1 123 1 146 
463 X 1 215 1 879 
464 Y 1 235 1 754 
465 X 1 205 1 790 
466 CNOT 2 174 220 2 721 846 
467 Y 1 28 1 320 
468 X 1 96 0 
469 X 1 215 1 13 
470 Y 1 208 1 420 
471 H 1 170 1 11 
472 CNOT 2 216 139 2 111 39 
473 H 1 209 1 354 
474 X 1 141 1 243 
475 Y 1 242 1 428 
476 X 1 49 1 219 
477 X 1 221 1 295 
478 CNOT 2 85 254 2 174 135 
479 Y 1 194 1 418 
480 X 1 217 0 
481 Y 1 156 1 364 
482 CNOT 2 9 200 2 362 325 
483 H 1 247 1 129 
484 Y 1 247 1 483 
485 CNOT 2 137 51 2 193 238 
486 X 1 232 1 296 
487 H 1 141 1 474 
488 Y 1 65 1 414 
489 X 1 133 1 430 
490 X 1 65 1 488 
491 H 1 177 1 84 
492 H 1 137 1 485 
493 Y 1 61 1 217 
494 Y 1 138 1 436 
495 X 1 211 1 97 
496 H 1 128 1 352 
497 X 1 32 1 249 
498 Y 1 39 1 91 
499 Y 1 105 1 241 
500 X 1 9 1 482 
501 H 1 63 1 219 
502 Y 1 130 1 319 
503 Y 1 92 0 
504 X 1 164 1 249 
505 CNOT 2 30 77 2 109 221 
506 H 1 59 1 403 
507 X 1 10 1 213 
508 X 1 5 1 370 
509 CNOT 2 225 27 2 323 291 
510 Y 1 41 1 81 
511 X 1 165 1 384 
512 CNOT 2 134 157 1 234 
513 H 1 104 1 313 
514 Y 1 215 1 469 
515 CNOT 2 37 156 2 224 481 
516 X 1 246 1 310 
517 Y 1 6 1 415 
518 X 1 253 1 4 
519 CNOT 2 207 223 2 313 218 
520 H 1 162 0 
521 CNOT 2 0 227 2 236 303 
522 Y 1 130 1 502 
523 CNOT 2 200 22 2 482 398 
524 X 1 225 1 509 
525 Y 1 0 1 521 
526 X 1 182 1 394 
527 CNOT 2 85 151 2 322 478 
528 H 1 94 1 347 
529 Y 1 201 1 412 
530 X 1 49 1 476 
531 Y 1 248 1 216 
532 H 1 11 1 333 
533 CNOT 2 90 216 2 432 472 
534 Y 1 249 1 350 
535 X 1 177 1 491 
536 Y 1 238 0 
537 Y 1 145 1 94 
538 CNOT 2 122 239 2 395 422 
539 Y 1 199 1 186 
540 CNOT 2 212 80 2 413 223 
541 H 1 253 1 518 
542 Y 1 8 1 337 
543 X 1 51 1 485 
544 CNOT 2 119 73 2 200 218 
545 X 1 248 1 531 
546 Y 1 221 1 477 
547 H 1 211 1 495 
548 X 1 96 1 468 
549 H 1 128 1 496 
550 H 1 174 1 73 
551 Y 1 46 1 333 
552 X 1 160 1 128 
553 CNOT 2 75 46 2 123 551 
554 X 1 150 1 386 
555 H 1 224 1 153 
556 CNOT 2 159 33 2 286 191 
557 CNOT 2 210 236 2 349 270 
558 H 1 195 1 357 
559 CNOT 2 15 10 2 226 507 
560 X 1 103 1 118 
561 CNOT 2 102 200 2 424 523 
562 H 1 69 0 
563 X 1 9 1 500 
564 X 1 1 1 291 
565 H 1 96 1 548 
566 H 1 125 1 179 
567 CNOT 2 79 28 2 329 467 
568 Y 1 19 1 79 
569 CNOT 2 7 4 2 282 331 
570 X 1 115 1 430 
571 Y 1 197 1 371 
572 X 1 38 1 428 
573 CNOT 2 193 220 1 120 
574 CNOT 2 203 215 2 514 214 
575 Y 1 239 1 538 
576 X 1 188 1 363 
577 X 1 159 1 556 
578 Y 1 125 1 566 
579 H 1 198 1 411 
580 X 1 64 1 253 
581 Y 1 185 0 
582 H 1 103 1 560 
583 Y 1 218 1 206 
584 CNOT 2 133 250 2 489 421 
585 CNOT 2 246 129 2 516 342 
586 Y 1 112 1 276 
587 H 1 27 1 509 
588 CNOT 2 9 80 2 563 540 
589 Y 1 220 1 573 
590 X 1 245 1 416 
591 CNOT 2 137 252 2 74 492 
592 Y 1 110 1 256 
593 Y 1 179 0 
594 Y 1 5 1 508 
595 H 1 160 1 552 
596 CNOT 2 36 5 1 594 
597 X 1 110 1 592 
598 Y 1 221 1 546 
599 X 1 86 1 434 
600 X 1 158 1 397 
601 X 1 10 1 559 
602 X 1 101 1 406 
603 Y 1 102 1 561 
604 X 1 221 1 598 
605 H 1 65 1 490 
606 X 1 59 1 506 
607 X 1 65 1 605 
608 Y 1 158 1 600 
609 X 1 212 1 540 
610 CNOT 2 127 1 2 371 564 
611 Y 1 154 1 429 
612 H 1 156 1 515 
613 H 1 173 1 100 
614 CNOT 2 65 32 2 497 607 
615 X 1 112 1 586 
616 X 1 186 0 
617 X 1 18 1 302 
618 H 1 228 1 189 
619 Y 1 224 1 555 
620 X 1 198 1 579 
621 X 1 147 1 316 
622 H 1 66 1 253 
623 X 1 247 1 484 
624 X 1 188 1 576 
625 Y 1 83 1 373 
626 H 1 252 1 591 
627 X 1 3 1 399 
628 H 1 15 1 559 
629 CNOT 2 25 249 2 155 534 
630 X 1 251 1 361 
631 CNOT 2 214 87 2 264 342 
632 X 1 66 1 622 
633 CNOT 2 76 60 2 365 374 
634 H 1 39 1 498 
635 H 1 117 1 427 
636 X 1 121 1 435 
637 H 1 202 1 410 
638 H 1 65 1 614 
639 CNOT 2 71 73 2 544 366 
640 CNOT 2 191 152 2 198 54 
641 CNOT 2 217 146 2 480 394 
642 Y 1 210 1 557 
643 H 1 110 1 597 
644 Y 1 135 1 314 
645 X 1 193 1 573 
646 H 1 234 1 130 
647 H 1 144 1 69 
648 H 1 12 1 225 
649 H 1 79 1 567 
650 Y 1 121 1 636 
651 H 1 102 1 603 
652 H 1 122 1 538 
653 Y 1 202 1 637 
654 Y 1 115 1 570 
655 CNOT 2 26 131 2 240 419 
656 H 1 29 1 431 
657 Y 1 67 1 298 
658 H 1 235 1 197 
659 Y 1 166 1 405 
660 CNOT 2 31 160 2 595 199 
661 CNOT 2 97 124 2 202 215 
662 CNOT 2 176 253 2 261 541 
663 H 1 243 1 435 
664 X 1 130 1 522 
665 H 1 111 1 382 
666 X 1 148 0 
667 X 1 134 1 512 
668 Y 1 93 0 
669 CNOT 2 186 32 2 616 614 
670 CNOT 2 139 157 2 472 512 
671 H 1 6 1 517 
672 Y 1 144 1 647 
673 CNOT 2 124 250 2 584 661 
674 Y 1 151 1 527 
675 H 1 105 1 499 
676 Y 1 246 1 585 
677 H 1 196 1 426 
678 H 1 34 1 327 
679 X 1 236 1 557 
680 X 1 121 1 650 
681 Y 1 86 1 599 
682 Y 1 178 1 285 
683 H 1 104 1 513 
684 H 1 208 1 470 
685 Y 1 241 1 360 
686 CNOT 2 37 75 2 553 515 
687 Y 1 115 1 654 
688 CNOT 2 88 7 2 569 290 
689 CNOT 2 58 220 2 284 589 
690 H 1 233 1 212 
691 H 1 21 1 309 
692 CNOT 2 35 144 2 672 30 
693 CNOT 2 73 161 2 305 639 
694 X 1 24 0 
695 X 1 128 1 549 
696 X 1 50 0 
697 CNOT 2 121 239 2 680 575 
698 Y 1 220 1 689 
699 X 1 178 1 682 
700 X 1 194 1 479 
701 H 1 229 1 272 
702 Y 1 136 0 
703 CNOT 2 127 208 2 610 684 
704 Y 1 171 1 373 
705 Y 1 220 1 698 
706 CNOT 2 142 226 2 396 332 
707 CNOT 2 180 36 2 596 28 
708 CNOT 2 188 92 2 624 503 
709 CNOT 2 31 7 2 688 660 
710 X 1 199 1 539 
711 H 1 224 1 619 
712 CNOT 2 64 135 2 644 580 
713 X 1 5 1 596 
714 Y 1 55 1 62 
715 CNOT 2 122 22 2 523 652 
716 H 1 22 1 715 
717 H 1 59 1 606 
718 CNOT 2 115 84 2 11 687 
719 H 1 53 1 170 
720 CNOT 2 29 63 2 656 501 
721 H 1 174 1 550 
722 H 1 44 1 170 
723 H 1 93 1 668 
724 X 1 88 1 688 
725 H 1 72 1 244 
726 H 1 23 1 257 
727 Y 1 165 1 511 
728 X 1 144 1 692 
729 CNOT 2 48 211 2 547 293 
730 H 1 54 1 233 
731 H 1 97 1 661 
732 X 1 19 1 568 
733 X 1 83 1 625 
734 X 1 137 1 591 
735 H 1 37 1 686 
736 CNOT 2 180 20 2 707 303 
737 Y 1 72 1 725 
738 CNOT 2 112 11 2 532 615 
739 CNOT 2 19 110 2 643 732 
740 Y 1 5 1 713 
741 X 1 1 1 610 
742 CNOT 2 207 97 2 731 519 
743 H 1 225 1 524 
744 Y 1 210 1 642 
745 Y 1 221 1 604 
746 H 1 83 1 733 
747 H 1 205 1 407 
748 X 1 66 1 632 
749 Y 1 214 1 631 
750 X 1 47 1 120 
751 H 1 96 1 565 
752 Y 1 17 1 176 
753 CNOT 2 175 5 2 740 164 
754 X 1 235 1 658 
755 H 1 108 1 332 
756 Y 1 137 1 734 
757 CNOT 2 188 130 2 664 708 
758 X 1 225 1 743 
759 Y 1 111 1 665 
760 Y 1 172 1 324 
761 CNOT 2 51 190 2 378 543 
762 X 1 56 0 
763 H 1 95 1 210 
764 X 1 185 1 581 
765 H 1 249 1 629 
766 X 1 154 1 611 
767 X 1 74 1 409 
768 CNOT 2 114 179 2 400 593 
769 CNOT 2 214 149 2 418 749 
770 H 1 8 1 542 
771 X 1 187 1 408 
772 CNOT 2 41 182 2 526 510 
773 Y 1 6 1 671 
774 Y 1 130 1 757 
775 Y 1 68 1 277 
776 X 1 190 1 761 
777 H 1 176 1 662 
778 CNOT 2 217 106 2 641 338 
779 X 1 169 1 273 
780 H 1 66 1 748 
781 Y 1 229 1 701 
782 Y 1 45 1 163 
783 H 1 17 1 752 
784 X 1 249 1 765 
785 Y 1 38 1 572 
786 CNOT 2 205 139 2 747 670 
787 X 1 99 0 
788 Y 1 66 1 780 
789 X 1 220 1 705 
790 H 1 205 1 786 
791 Y 1 224 1 711 
792 H 1 67 1 657 
793 H 1 100 1 278 
794 CNOT 2 52 40 1 259 
795 H 1 18 1 617 
796 Y 1 7 1 709 
797 H 1 107 1 353 
798 CNOT 2 243 16 1 663 
799 CNOT 2 241 99 2 787 685 
800 X 1 60 1 633 
801 X 1 189 1 217 
802 X 1 156 1 612 
803 X 1 5 1 753 
804 Y 1 196 1 677 
805 H 1 48 1 729 
806 X 1 251 1 630 
807 X 1 244 1 210 
808 X 1 78 1 417 
809 Y 1 1 1 741 
810 H 1 73 1 693 
811 H 1 42 1 379 
812 H 1 245 1 590 
813 H 1 56 1 762 
814 H 1 128 1 695 
815 Y 1 74 1 767 
816 CNOT 2 214 192 2 769 387 
817 H 1 134 1 667 
818 Y 1 132 1 188 
819 H 1 145 1 537 
820 Y 1 122 1 715 
821 H 1 245 1 812 
822 CNOT 2 153 95 2 385 763 
823 H 1 25 1 629 
824 X 1 137 1 756 
825 Y 1 146 1 641 
826 Y 1 99 1 799 
827 Y 1 111 1 759 
828 H 1 81 1 229 
829 CNOT 2 239 210 2 744 697 
830 H 1 122 1 820 
831 H 1 126 1 398 
832 Y 1 189 1 801 
833 Y 1 139 1 786 
834 CNOT 2 5 125 2 578 803 
835 X 1 70 0 
836 Y 1 63 1 720 
837 CNOT 2 67 255 1 792 
838 X 1 49 1 530 
839 Y 1 33 1 556 
840 Y 1 192 1 816 
841 CNOT 2 87 219 2 369 631 
842 H 1 23 1 726 
843 X 1 215 1 574 
844 X 1 38 1 785 
845 H 1 59 1 717 
846 H 1 220 1 789 
847 H 1 197 1 571 
848 H 1 218 1 583 
849 H 1 234 1 646 
850 Y 1 252 1 626 
851 X 1 109 0 
852 X 1 142 1 706 
853 Y 1 240 1 274 
854 Y 1 158 1 608 
855 CNOT 2 90 218 2 848 533 
856 H 1 33 1 839 
857 Y 1 91 1 350 
858 H 1 28 1 567 
859 Y 1 223 1 519 
860 X 1 222 1 355 
861 H 1 108 1 755 
862 CNOT 2 156 202 2 802 653 
863 CNOT 2 221 246 2 745 676 
864 CNOT 2 195 209 2 473 558 
865 CNOT 2 97 216 2 533 742 
866 H 1 57 1 326 
867 CNOT 2 176 175 2 753 777 
868 X 1 209 1 864 
869 Y 1 155 0 
870 X 1 254 1 478 
871 H 1 222 1 860 
872 CNOT 2 39 144 2 728 634 
873 CNOT 2 133 106 2 584 778 
874 X 1 83 1 746 
875 CNOT 2 247 102 2 651 623 
876 H 1 55 1 714 
877 CNOT 2 103 33 2 856 582 
878 H 1 15 1 628 
879 CNOT 2 229 215 2 843 781 
880 X 1 180 1 736 
881 X 1 223 1 859 
882 X 1 249 1 784 
883 H 1 11 1 738 
884 X 1 126 1 831 
885 X 1 219 1 841 
886 CNOT 2 52 236 2 794 679 
887 X 1 230 1 171 
888 H 1 36 1 707 
889 X 1 226 1 706 
890 X 1 124 1 673 
891 CNOT 2 242 83 2 874 475 
892 CNOT 2 193 244 2 645 807 
893 X 1 225 1 758 
894 Y 1 157 1 670 
895 H 1 84 1 718 
896 CNOT 2 185 81 2 828 764 
897 H 1 161 1 693 
898 H 1 73 1 810 
899 CNOT 2 209 145 2 819 868 
900 X 1 123 1 462 
901 H 1 213 1 222 
902 H 1 226 1 889 
903 X 1 84 1 895 
904 Y 1 211 1 729 
905 X 1 77 1 457 
906 X 1 92 1 708 
907 CNOT 2 255 50 2 456 696 
908 H 1 94 1 528 
909 Y 1 17 1 783 
910 Y 1 221 1 863 
911 H 1 114 1 768 
912 H 1 69 1 562 
913 X 1 32 1 669 
914 H 1 173 1 613 
915 X 1 152 1 640 
916 CNOT 2 159 198 2 577 620 
917 H 1 54 1 730 
918 CNOT 2 138 17 2 909 494 
919 Y 1 99 1 826 
920 X 1 21 1 691 
921 X 1 224 1 791 
922 H 1 51 1 761 
923 H 1 226 1 902 
924 H 1 179 1 768 
925 CNOT 2 114 48 2 442 911 
926 H 1 32 1 913 
927 X 1 78 1 808 
928 H 1 28 1 858 
929 Y 1 171 1 438 
930 H 1 79 1 649 
931 X 1 103 1 455 
932 X 1 223 1 881 
933 CNOT 2 111 145 2 827 899 
934 Y 1 193 1 892 
935 CNOT 2 130 142 2 852 774 
936 CNOT 2 155 212 2 459 461 
937 CNOT 2 84 78 2 927 903 
938 CNOT 2 112 35 2 738 692 
939 X 1 121 1 697 
940 Y 1 90 1 855 
941 CNOT 2 1 253 2 809 662 
942 X 1 221 1 910 
943 X 1 77 1 905 
944 Y 1 211 1 904 
945 Y 1 1 1 941 
946 H 1 211 1 944 
947 X 1 19 1 739 
948 X 1 248 1 545 
949 CNOT 2 246 58 2 689 863 
950 H 1 234 1 849 
951 H 1 155 1 936 
952 Y 1 203 1 574 
953 X 1 225 1 893 
954 X 1 63 1 836 
955 Y 1 18 1 452 
956 X 1 167 1 328 
957 X 1 218 1 855 
958 X 1 134 1 817 
959 X 1 153 1 453 
960 X 1 240 1 853 
961 CNOT 2 25 9 2 588 823 
962 Y 1 111 1 933 
963 Y 1 12 1 648 
964 CNOT 2 18 35 2 938 955 
965 CNOT 2 123 249 2 882 900 
966 H 1 4 1 569 
967 H 1 158 1 446 
968 CNOT 2 67 162 2 520 837 
969 X 1 141 1 487 
970 Y 1 168 1 388 
971 H 1 182 1 772 
972 Y 1 70 1 835 
973 CNOT 2 93 15 2 723 878 
974 X 1 4 1 966 
975 X 1 202 1 862 
976 X 1 37 1 735 
977 X 1 142 1 935 
978 CNOT 2 79 128 2 930 814 
979 H 1 47 1 750 
980 Y 1 95 1 822 
981 Y 1 45 1 782 
982 H 1 173 1 914 
983 X 1 90 1 940 
984 X 1 55 1 876 
985 X 1 38 1 844 
986 Y 1 109 1 851 
987 H 1 101 1 602 
988 Y 1 84 1 937 
989 X 1 53 1 719 
990 X 1 1 1 945 
991 X 1 159 1 916 
992 X 1 101 1 987 
993 CNOT 2 181 57 2 344 866 
994 H 1 33 1 877 
995 Y 1 118 1 427 
996 Y 1 41 1 772 
997 X 1 134 1 958 
998 CNOT 2 47 247 2 875 979 
999 H 1 68 1 775 
1000 CNOT 2 49 247 2 998 838 
1001 CNOT 2 81 232 2 896 486 
1002 Y 1 27 1 587 
1003 Y 1 172 1 760 
1004 Y 1 3 1 627 
1005 H 1 253 1 941 
1006 H 1 123 1 965 
1007 H 1 85 1 527 
1008 X 1 188 1 757 
1009 Y 1 203 1 952 
1010 CNOT 2 41 140 2 996 383 
1011 H 1 34 1 678 
1012 Y 1 242 1 891 
1013 H 1 143 1 220 
1014 CNOT 2 104 237 2 458 683 
1015 Y 1 39 1 872 
1016 Y 1 215 1 463 
1017 H 1 108 1 861 
1018 H 1 6 1 445 
1019 H 1 156 1 862 
1020 Y 1 125 1 834 
1021 Y 1 160 1 660 
1022 H 1 24 1 694 
1023 CNOT 2 69 110 2 912 739 
1024 X 1 181 1 993 
1025 X 1 117 1 635 
1026 X 1 48 1 925 
1027 Y 1 240 1 960 
1028 H 1 115 1 718 
1029 X 1 125 1 1020 
1030 H 1 205 1 465 
1031 X 1 215 1 1016 
1032 CNOT 2 236 101 2 992 886 
1033 H 1 152 1 915 
1034 H 1 32 1 926 
1035 CNOT 2 144 83 2 872 449 
1036 H 1 200 1 561 
1037 H 1 44 1 722 
1038 Y 1 168 1 970 
1039 Y 1 5 1 834 
1040 CNOT 2 6 10 2 601 1018 
1041 H 1 27 1 1002 
1042 CNOT 2 54 164 2 504 917 
1043 H 1 232 1 1001 
1044 CNOT 2 213 247 2 1000 901 
1045 CNOT 2 153 209 2 899 959 
1046 Y 1 163 1 380 
1047 H 1 52 1 886 
1048 CNOT 2 237 55 2 984 1014 
1049 CNOT 2 182 119 2 544 971 
1050 X 1 236 1 1032 
1051 X 1 42 1 811 
1052 X 1 141 1 969 
1053 X 1 121 1 939 
1054 CNOT 2 198 116 2 344 916 
1055 H 1 31 1 709 
1056 X 1 247 1 1044 
1057 CNOT 2 219 9 2 961 885 
1058 Y 1 32 1 1034 
1059 H 1 208 1 703 
1060 Y 1 7 1 796 
1061 X 1 76 1 633 
1062 CNOT 2 177 164 2 1042 535 
1063 Y 1 255 1 907 
1064 H 1 134 1 997 
1065 X 1 111 1 962 
1066 X 1 203 1 1009 
1067 X 1 115 1 1028 
1068 Y 1 136 1 702 
1069 H 1 34 1 1011 
1070 X 1 224 1 921 
1071 H 1 97 1 865 
1072 H 1 98 1 114 
1073 X 1 38 1 985 
1074 H 1 53 1 989 
1075 CNOT 2 18 75 2 964 686 
1076 CNOT 2 118 121 2 995 1053 
1077 X 1 173 1 982 
1078 X 1 115 1 1067 
1079 CNOT 2 184 0 2 461 525 
1080 X 1 162 1 968 
1081 X 1 95 1 980 
1082 X 1 216 1 865 
1083 CNOT 2 195 213 2 864 1044 
1084 H 1 154 1 766 
1085 X 1 166 1 659 
1086 X 1 30 1 505 
1087 H 1 6 1 1040 
1088 X 1 116 1 1054 
1089 X 1 78 1 937 
1090 CNOT 2 102 153 2 875 1045 
1091 H 1 191 1 438 
1092 Y 1 186 1 669 
1093 CNOT 2 244 45 2 892 981 
1094 CNOT 2 116 77 2 1088 943 
1095 Y 1 33 1 994 
1096 CNOT 2 89 147 2 269 621 
1097 H 1 161 1 897 
1098 H 1 125 1 1029 
1099 X 1 204 1 439 
1100 CNOT 2 82 201 2 451 318 
1101 H 1 90 1 983 
1102 H 1 215 1 1031 
1103 X 1 234 1 950 
1104 H 1 126 1 884 
1105 H 1 235 1 464 
1106 H 1 66 1 788 
1107 H 1 241 1 799 
1108 CNOT 2 82 35 2 1100 964 
1109 CNOT 2 184 159 2 1079 991 
1110 Y 1 237 1 1048 
1111 X 1 237 1 1110 
1112 CNOT 2 179 164 2 924 1062 
1113 Y 1 102 1 1090 
1114 CNOT 2 226 56 2 923 813 
1115 Y 1 128 1 978 
1116 CNOT 2 149 58 2 769 949 
1117 H 1 56 1 1114 
1118 CNOT 2 59 172 2 1003 845 
1119 CNOT 2 1 10 2 1040 990 
1120 CNOT 2 21 47 2 920 998 
1121 CNOT 2 19 157 2 947 894 
1122 H 1 60 1 800 
1123 Y 1 237 1 1111 
1124 X 1 2 1 392 
1125 Y 1 96 1 450 
1126 X 1 239 1 829 
1127 X 1 166 1 1085 
1128 Y 1 235 1 1105 
1129 H 1 119 1 1049 
1130 X 1 121 1 1076 
1131 CNOT 2 165 185 2 896 727 
1132 CNOT 2 31 243 2 457 1055 
1133 H 1 5 1 1039 
1134 H 1 39 1 1015 
1135 Y 1 132 1 818 
1136 H 1 164 1 1112 
1137 H 1 252 1 850 
1138 H 1 77 1 1094 
1139 H 1 77 1 1138 
1140 CNOT 2 122 103 2 931 830 
1141 Y 1 209 1 1045 
1142 H 1 253 1 1005 
1143 X 1 35 1 1108 
1144 Y 1 133 1 873 
1145 X 1 213 1 1083 
1146 Y 1 63 1 954 
1147 H 1 3 1 1004 
1148 Y 1 241 1 1107 
1149 H 1 137 1 824 
1150 X 1 126 1 1104 
1151 X 1 242 1 1012 
1152 H 1 114 1 925 
1153 CNOT 2 46 116 2 553 1094 
1154 H 1 163 1 1046 
1155 CNOT 2 193 158 2 934 967 
1156 CNOT 2 134 104 2 1064 1014 
1157 CNOT 2 129 1 2 585 1119 
1158 X 1 189 1 832 
1159 X 1 75 1 1075 
1160 X 1 37 1 976 
1161 H 1 92 1 906 
1162 X 1 95 1 1081 
1163 CNOT 2 6 116 2 1153 1087 
1164 X 1 10 1 1119 
1165 H 1 133 1 1144 
1166 X 1 110 1 1023 
1167 Y 1 211 1 946 
1168 CNOT 2 207 92 2 1161 742 
1169 Y 1 97 1 1071 
1170 H 1 72 1 737 
1171 Y 1 229 1 879 
1172 CNOT 2 182 118 2 1049 1076 
1173 X 1 103 1 1140 
1174 Y 1 19 1 1121 
1175 CNOT 2 133 140 2 1010 1165 
1176 Y 1 76 1 1061 
1177 X 1 155 1 951 
1178 H 1 173 1 1077 
1179 Y 1 33 1 1095 
1180 X 1 157 1 1121 
1181 H 1 203 1 1066 
1182 CNOT 2 86 205 2 681 1030 
1183 CNOT 2 202 212 2 936 975 
1184 Y 1 182 1 1172 
1185 H 1 8 1 770 
1186 X 1 253 1 1142 
1187 CNOT 2 73 33 2 898 1179 
1188 CNOT 2 247 106 2 1056 447 
1189 CNOT 2 191 76 2 1176 1091 
1190 CNOT 2 0 246 2 949 1079 
1191 CNOT 2 203 52 2 1181 1047 
1192 CNOT 2 218 35 2 957 1143 
1193 Y 1 105 1 675 
1194 Y 1 235 1 1128 
1195 X 1 90 1 1101 
