64 221
0 CNOT 2 34 59 0 
1 CNOT 2 13 6 0 
2 X 1 28 0 
3 Y 1 20 0 
4 Y 1 17 0 
5 X 1 6 1 1 
6 CNOT 2 27 34 1 0 
7 Y 1 15 0 
8 H 1 26 0 
9 X 1 16 0 
10 CNOT 2 14 20 1 3 
11 X 1 41 0 
12 H 1 22 0 
13 X 1 7 0 
14 CNOT 2 20 33 1 10 
15 X 1 22 1 12 
16 X 1 24 0 
17 H 1 19 0 
18 H 1 24 1 16 
19 X 1 39 0 
20 H 1 6 1 5 
21 X 1 40 0 
22 Y 1 1 0 
23 X 1 41 1 11 
24 H 1 14 1 10 
25 X 1 34 1 6 
26 CNOT 2 35 2 0 
27 CNOT 2 17 22 2 48 52 
28 Y 1 30 0 
29 CNOT 2 45 48 0 
30 H 1 58 0 
31 Y 1 57 0 
32 H 1 5 0 
33 H 1 11 0 
34 Y 1 19 1 17 
35 Y 1 54 0 
36 H 1 56 0 
37 Y 1 52 0 
38 CNOT 2 41 61 1 23 
39 X 1 28 1 2 
40 H 1 54 1 35 
41 Y 1 15 1 7 
42 CNOT 2 42 44 0 
43 X 1 23 0 
44 X 1 3 0 
45 X 1 23 1 43 
46 H 1 22 1 15 
47 X 1 53 0 
48 CNOT 2 56 22 2 36 46 
49 CNOT 2 20 30 2 28 14 
50 X 1 53 1 47 
51 CNOT 2 31 45 1 29 
52 CNOT 2 17 46 1 4 
53 H 1 13 1 64 
54 Y 1 34 1 25 
55 Y 1 31 1 98 
56 X 1 56 1 48 
57 CNOT 2 49 42 1 42 
58 Y 1 5 1 32 
59 Y 1 17 1 27 
60 H 1 62 0 
61 Y 1 51 0 
62 H 1 60 0 
63 H 1 63 0 
64 H 1 13 1 1 
65 H 1 54 1 40 
66 Y 1 26 1 8 
67 CNOT 2 2 58 2 26 30 
68 CNOT 2 2 54 2 65 67 
69 CNOT 2 41 28 2 38 39 
70 H 1 29 0 
71 X 1 27 1 6 
72 CNOT 2 27 31 2 51 71 
73 CNOT 2 12 29 1 70 
74 X 1 37 0 
75 Y 1 28 1 69 
76 H 1 28 1 75 
77 H 1 29 1 73 
78 Y 1 18 0 
79 H 1 63 1 63 
80 Y 1 52 1 37 
81 X 1 59 1 0 
82 X 1 23 1 45 
83 H 1 24 1 18 
84 Y 1 37 1 74 
85 H 1 60 1 62 
86 H 1 32 0 
87 Y 1 26 1 66 
88 Y 1 39 1 19 
89 Y 1 57 1 31 
90 CNOT 2 9 1 1 22 
91 CNOT 2 7 8 1 13 
92 Y 1 16 1 9 
93 Y 1 26 1 87 
94 CNOT 2 31 1 2 72 90 
95 Y 1 32 1 86 
96 X 1 16 1 92 
97 X 1 2 1 68 
98 X 1 31 1 94 
99 Y 1 61 1 38 
100 CNOT 2 46 37 2 84 52 
101 H 1 45 1 51 
102 H 1 18 1 78 
103 Y 1 14 1 127 
104 Y 1 16 1 186 
105 Y 1 54 1 68 
106 X 1 29 1 77 
107 CNOT 2 23 20 2 49 82 
108 X 1 1 1 94 
109 Y 1 46 1 100 
110 CNOT 2 2 30 2 49 97 
111 Y 1 5 1 58 
112 X 1 35 1 26 
113 H 1 33 1 14 
114 CNOT 2 7 46 2 91 109 
115 X 1 57 1 89 
116 Y 1 55 0 
117 CNOT 2 45 53 2 50 101 
118 CNOT 2 23 59 2 81 107 
119 CNOT 2 13 17 2 59 53 
120 X 1 5 1 111 
121 Y 1 23 1 118 
122 H 1 15 1 41 
123 X 1 44 1 42 
124 CNOT 2 58 16 2 96 67 
125 Y 1 38 0 
126 Y 1 24 1 83 
127 CNOT 2 2 14 2 24 110 
128 X 1 61 1 99 
129 CNOT 2 23 6 2 121 20 
130 Y 1 25 0 
131 CNOT 2 36 16 1 124 
132 X 1 50 0 
133 H 1 47 0 
134 H 1 15 1 122 
135 H 1 59 1 118 
136 X 1 54 1 105 
137 Y 1 51 1 61 
138 CNOT 2 53 50 2 132 117 
139 H 1 15 1 134 
140 Y 1 60 1 85 
141 X 1 43 0 
142 X 1 33 1 113 
143 X 1 10 0 
144 X 1 7 1 114 
145 X 1 1 1 108 
146 H 1 15 1 139 
147 X 1 43 1 141 
148 Y 1 59 1 135 
149 X 1 17 1 119 
150 X 1 48 1 29 
151 X 1 41 1 69 
152 CNOT 2 27 47 2 72 133 
153 X 1 52 1 80 
154 X 1 13 1 119 
155 Y 1 41 1 151 
156 X 1 24 1 126 
157 CNOT 2 7 40 2 144 21 
158 X 1 16 1 131 
159 CNOT 2 46 20 2 114 107 
160 X 1 11 1 33 
161 CNOT 2 12 17 2 73 149 
162 X 1 47 1 152 
163 CNOT 2 54 37 2 136 100 
164 X 1 50 1 138 
165 Y 1 38 1 125 
166 CNOT 2 10 27 2 152 143 
167 Y 1 30 1 110 
168 Y 1 4 0 
169 Y 1 43 1 147 
170 H 1 38 1 165 
171 X 1 38 1 170 
172 X 1 5 1 120 
173 H 1 44 1 123 
174 Y 1 32 1 95 
175 CNOT 2 9 34 2 90 54 
176 CNOT 2 15 56 2 56 146 
177 H 1 33 1 142 
178 X 1 60 1 140 
179 H 1 43 1 169 
180 H 1 58 1 124 
181 H 1 15 1 176 
182 H 1 1 1 145 
183 H 1 50 1 164 
184 X 1 7 1 157 
185 Y 1 41 1 155 
186 H 1 16 1 158 
187 X 1 39 1 88 
188 H 1 12 1 161 
189 H 1 44 1 173 
190 CNOT 2 61 18 2 128 102 
191 X 1 57 1 115 
192 Y 1 6 1 129 
193 X 1 2 1 127 
194 X 1 0 0 
195 CNOT 2 54 32 2 163 174 
196 X 1 10 1 166 
197 X 1 17 1 161 
198 CNOT 2 3 29 2 106 44 
199 CNOT 2 62 53 2 138 60 
200 Y 1 21 0 
201 X 1 35 1 112 
202 X 1 57 1 191 
203 X 1 21 1 200 
204 Y 1 7 1 184 
205 CNOT 2 55 53 2 116 199 
206 CNOT 2 39 19 2 34 187 
207 H 1 25 1 130 
208 Y 1 62 1 199 
209 CNOT 2 35 12 2 201 188 
210 Y 1 4 1 168 
211 H 1 63 1 79 
212 H 1 39 1 206 
213 CNOT 2 14 8 2 91 103 
214 Y 1 25 1 207 
215 Y 1 63 1 211 
216 X 1 63 1 215 
217 X 1 47 1 162 
218 Y 1 54 1 195 
219 H 1 62 1 208 
220 Y 1 7 1 204 
