16 34
0 X 1 3 0 
1 Y 1 7 0 
2 CNOT 2 1 10 0 
3 Y 1 6 0 
4 CNOT 2 10 15 1 2 
5 H 1 6 1 3 
6 X 1 0 0 
7 Y 1 5 0 
8 Y 1 10 1 4 
9 CNOT 2 13 4 0 
10 CNOT 2 11 14 0 
11 X 1 13 1 9 
12 CNOT 2 1 9 1 2 
13 CNOT 2 13 6 2 11 5 
14 H 1 15 1 4 
15 H 1 7 1 1 
16 X 1 2 0 
17 Y 1 11 1 10 
18 CNOT 2 10 15 2 8 14 
19 X 1 13 1 13 
20 X 1 7 1 15 
21 X 1 5 1 7 
22 CNOT 2 12 5 1 21 
23 H 1 12 1 22 
24 H 1 5 1 22 
25 Y 1 6 1 13 
26 H 1 5 1 24 
27 CNOT 2 15 0 2 18 6 
28 H 1 11 1 17 
29 X 1 10 1 18 
30 H 1 15 1 27 
31 Y 1 12 1 23 
32 X 1 8 0 
33 CNOT 2 6 1 2 25 12 
