64 286
0 Y 1 30 0 
1 X 1 57 0 
2 CNOT 2 36 20 0 
3 Y 1 63 0 
4 CNOT 2 53 41 0 
5 H 1 60 0 
6 X 1 27 0 
7 X 1 24 0 
8 CNOT 2 43 41 1 4 
9 Y 1 29 1 13 
10 CNOT 2 1 15 0 
11 CNOT 2 29 13 0 
12 CNOT 2 34 28 0 
13 Y 1 29 1 11 
14 Y 1 62 1 19 
15 H 1 42 0 
16 H 1 26 0 
17 H 1 16 0 
18 Y 1 12 0 
19 X 1 62 0 
20 CNOT 2 53 47 1 4 
21 X 1 1 1 10 
22 Y 1 19 0 
23 H 1 19 1 22 
24 X 1 40 0 
25 Y 1 59 0 
26 CNOT 2 44 6 0 
27 Y 1 22 0 
28 X 1 53 1 20 
29 CNOT 2 4 26 1 16 
30 Y 1 18 0 
31 CNOT 2 14 59 1 25 
32 X 1 22 1 27 
33 Y 1 53 1 28 
34 Y 1 56 0 
35 H 1 26 1 29 
36 CNOT 2 11 31 0 
37 H 1 63 1 3 
38 Y 1 7 0 
39 X 1 11 1 36 
40 H 1 49 0 
41 Y 1 4 1 29 
42 H 1 6 1 26 
43 Y 1 34 1 12 
44 H 1 43 1 8 
45 CNOT 2 38 44 1 26 
46 CNOT 2 15 31 2 10 36 
47 Y 1 54 0 
48 H 1 57 1 1 
49 CNOT 2 15 27 2 46 6 
50 X 1 24 1 7 
51 X 1 37 0 
52 H 1 7 1 84 
53 H 1 22 1 32 
54 Y 1 19 1 23 
55 X 1 51 0 
56 Y 1 32 0 
57 H 1 39 0 
58 H 1 53 1 33 
59 CNOT 2 61 33 0 
60 CNOT 2 24 57 2 48 50 
61 X 1 63 1 37 
62 CNOT 2 1 62 2 21 14 
63 CNOT 2 41 15 2 8 49 
64 Y 1 57 1 60 
65 H 1 23 0 
66 H 1 30 1 0 
67 H 1 37 1 51 
68 CNOT 2 10 17 0 
69 X 1 9 0 
70 X 1 36 1 2 
71 X 1 62 1 62 
72 CNOT 2 36 15 2 70 63 
73 H 1 15 1 72 
74 X 1 39 1 57 
75 CNOT 2 3 62 1 71 
76 X 1 17 1 68 
77 H 1 18 1 30 
78 X 1 4 1 41 
79 CNOT 2 21 4 1 78 
80 Y 1 39 1 74 
81 Y 1 12 1 18 
82 H 1 52 0 
83 Y 1 14 1 31 
84 Y 1 7 1 38 
85 CNOT 2 41 61 2 59 63 
86 X 1 17 1 76 
87 X 1 3 1 75 
88 CNOT 2 40 52 2 24 82 
89 Y 1 19 1 54 
90 CNOT 2 50 36 1 72 
91 CNOT 2 53 10 2 58 68 
92 Y 1 52 1 88 
93 H 1 62 1 75 
94 CNOT 2 11 53 2 91 39 
95 Y 1 36 1 90 
96 CNOT 2 23 34 2 65 43 
97 Y 1 45 0 
98 H 1 9 1 69 
99 Y 1 48 0 
100 Y 1 62 1 93 
101 H 1 33 1 59 
102 H 1 25 0 
103 Y 1 31 1 46 
104 Y 1 13 1 186 
105 X 1 0 1 202 
106 CNOT 2 15 18 2 200 203 
107 Y 1 27 1 132 
108 Y 1 63 1 61 
109 CNOT 2 6 3 2 163 189 
110 Y 1 51 1 204 
111 H 1 25 1 102 
112 X 1 26 1 35 
113 X 1 46 0 
114 CNOT 2 52 46 2 113 92 
115 CNOT 2 57 26 2 64 112 
116 H 1 56 1 34 
117 Y 1 1 1 62 
118 H 1 40 1 88 
119 H 1 62 1 100 
120 X 1 40 1 118 
121 Y 1 54 1 47 
122 Y 1 20 1 2 
123 X 1 57 1 115 
124 H 1 61 1 85 
125 H 1 27 1 49 
126 X 1 16 1 17 
127 Y 1 52 1 114 
128 X 1 54 1 121 
129 Y 1 61 1 124 
130 X 1 12 1 81 
131 X 1 62 1 119 
132 Y 1 27 1 125 
133 CNOT 2 49 26 2 40 115 
134 H 1 14 1 83 
135 CNOT 2 56 18 2 116 77 
136 H 1 55 0 
137 Y 1 41 1 85 
138 H 1 53 1 94 
139 CNOT 2 3 24 2 60 87 
140 Y 1 24 1 139 
141 CNOT 2 60 11 2 5 94 
142 Y 1 56 1 135 
143 Y 1 48 1 99 
144 X 1 4 1 79 
145 Y 1 54 1 128 
146 CNOT 2 40 58 1 120 
147 X 1 58 1 146 
148 H 1 9 1 98 
149 X 1 61 1 129 
150 H 1 62 1 131 
151 X 1 17 1 86 
152 Y 1 44 1 45 
153 H 1 44 1 152 
154 Y 1 25 1 111 
155 X 1 20 1 122 
156 H 1 49 1 133 
157 Y 1 30 1 66 
158 H 1 42 1 15 
159 H 1 13 1 11 
160 H 1 42 1 158 
161 X 1 28 1 12 
162 Y 1 38 1 45 
163 Y 1 3 1 139 
164 X 1 50 1 90 
165 Y 1 59 1 31 
166 Y 1 23 1 96 
167 X 1 21 1 79 
168 CNOT 2 18 17 2 151 135 
169 Y 1 55 1 136 
170 H 1 52 1 127 
171 Y 1 23 1 166 
172 X 1 40 1 146 
173 H 1 40 1 172 
174 Y 1 41 1 137 
175 CNOT 2 29 14 2 9 134 
176 X 1 59 1 165 
177 Y 1 4 1 144 
178 X 1 29 1 175 
179 H 1 54 1 145 
180 CNOT 2 59 13 2 176 159 
181 Y 1 2 0 
182 X 1 15 1 73 
183 X 1 14 1 175 
184 X 1 40 1 173 
185 CNOT 2 4 60 2 177 141 
186 X 1 13 1 180 
187 Y 1 5 0 
188 X 1 17 1 168 
189 H 1 6 1 42 
190 Y 1 16 1 126 
191 X 1 35 0 
192 CNOT 2 19 56 2 89 142 
193 Y 1 21 1 167 
194 Y 1 24 1 140 
195 CNOT 2 38 19 2 192 162 
196 Y 1 1 1 117 
197 H 1 55 1 169 
198 Y 1 18 1 168 
199 H 1 45 1 97 
200 CNOT 2 28 18 2 161 198 
201 Y 1 37 1 67 
202 H 1 0 0 
203 Y 1 15 1 182 
204 X 1 51 1 55 
205 Y 1 49 1 156 
206 Y 1 55 1 197 
207 H 1 35 1 191 
208 Y 1 37 1 201 
209 CNOT 2 33 4 2 185 101 
210 X 1 56 1 192 
211 CNOT 2 40 54 2 184 179 
212 Y 1 30 1 157 
213 X 1 33 1 209 
214 X 1 48 1 143 
215 H 1 24 1 194 
216 X 1 27 1 107 
217 X 1 29 1 178 
218 H 1 46 1 114 
219 X 1 58 1 147 
220 CNOT 2 46 58 2 218 219 
221 Y 1 50 1 164 
222 H 1 20 1 155 
223 Y 1 18 1 106 
224 X 1 34 1 96 
225 CNOT 2 55 36 2 206 95 
226 Y 1 36 1 225 
227 Y 1 26 1 133 
228 CNOT 2 30 7 2 212 52 
229 H 1 2 1 181 
230 H 1 3 1 109 
231 CNOT 2 27 56 2 216 210 
232 X 1 25 1 154 
233 X 1 10 1 91 
234 H 1 43 1 44 
235 CNOT 2 30 37 2 208 228 
236 H 1 32 1 56 
237 Y 1 44 1 153 
238 H 1 41 1 174 
239 H 1 22 1 53 
240 CNOT 2 53 25 2 232 138 
241 Y 1 24 1 215 
242 Y 1 63 1 108 
243 H 1 6 1 109 
244 H 1 36 1 226 
245 Y 1 17 1 188 
246 X 1 0 1 105 
247 H 1 62 1 150 
248 X 1 6 1 243 
249 Y 1 1 1 196 
250 H 1 8 0 
251 X 1 34 1 224 
252 X 1 21 1 193 
253 X 1 50 1 221 
254 Y 1 15 1 106 
255 CNOT 2 52 13 2 104 170 
256 H 1 47 1 20 
257 CNOT 2 5 11 2 187 141 
258 CNOT 2 39 41 2 80 238 
259 H 1 52 1 255 
260 H 1 11 1 257 
261 X 1 2 1 229 
262 CNOT 2 15 45 2 254 199 
263 Y 1 44 1 237 
264 H 1 3 1 230 
265 CNOT 2 39 1 2 249 258 
266 Y 1 29 1 217 
267 CNOT 2 9 11 2 260 148 
268 H 1 32 1 236 
269 X 1 35 1 207 
270 Y 1 57 1 123 
271 H 1 48 1 214 
272 Y 1 44 1 263 
273 Y 1 16 1 190 
274 H 1 30 1 235 
275 H 1 22 1 239 
276 Y 1 7 1 228 
277 H 1 15 1 262 
278 CNOT 2 21 11 2 267 252 
279 Y 1 15 1 277 
280 CNOT 2 45 60 2 185 262 
281 H 1 24 1 241 
282 X 1 7 1 276 
283 H 1 42 1 160 
284 CNOT 2 5 32 2 257 268 
285 CNOT 2 59 2 2 180 261 
