64 120
0 X 1 29 0 
1 CNOT 2 6 61 0 
2 X 1 61 1 1 
3 X 1 43 0 
4 X 1 16 0 
5 X 1 32 0 
6 CNOT 2 8 4 0 
7 X 1 22 0 
8 CNOT 2 56 17 0 
9 Y 1 43 1 3 
10 CNOT 2 52 19 1 12 
11 CNOT 2 60 25 0 
12 H 1 52 0 
13 X 1 43 1 9 
14 CNOT 2 2 58 0 
15 CNOT 2 10 23 0 
16 Y 1 16 1 4 
17 Y 1 50 0 
18 CNOT 2 24 23 1 15 
19 Y 1 42 0 
20 CNOT 2 12 10 1 15 
21 H 1 15 0 
22 Y 1 13 0 
23 H 1 18 0 
24 CNOT 2 36 59 2 50 44 
25 Y 1 34 1 42 
26 H 1 20 0 
27 H 1 37 0 
28 H 1 49 0 
29 H 1 37 1 27 
30 Y 1 4 1 6 
31 CNOT 2 31 36 0 
32 X 1 22 1 7 
33 X 1 8 1 6 
34 H 1 24 1 18 
35 CNOT 2 57 34 0 
36 Y 1 15 1 21 
37 H 1 41 0 
38 Y 1 40 0 
39 Y 1 59 0 
40 CNOT 2 19 35 1 10 
41 H 1 45 0 
42 CNOT 2 1 34 1 35 
43 H 1 14 0 
44 CNOT 2 36 50 2 17 31 
45 Y 1 2 1 14 
46 X 1 10 1 20 
47 CNOT 2 43 45 2 41 13 
48 CNOT 2 51 27 0 
49 CNOT 2 38 39 0 
50 CNOT 2 59 12 2 20 39 
51 CNOT 2 32 26 1 5 
52 H 1 42 1 19 
53 CNOT 2 41 8 2 88 99 
54 H 1 63 1 107 
55 H 1 59 1 74 
56 CNOT 2 8 48 1 33 
57 H 1 37 1 29 
58 X 1 37 1 57 
59 Y 1 26 1 51 
60 X 1 62 0 
61 H 1 44 0 
62 H 1 54 0 
63 Y 1 26 1 59 
64 Y 1 1 1 42 
65 X 1 49 1 28 
66 Y 1 39 1 49 
67 CNOT 2 42 13 2 52 22 
68 H 1 45 1 47 
69 CNOT 2 0 11 0 
70 H 1 31 1 31 
71 Y 1 41 1 37 
72 H 1 33 0 
73 Y 1 8 1 56 
74 X 1 59 1 24 
75 Y 1 54 1 62 
76 X 1 10 1 46 
77 H 1 10 1 76 
78 Y 1 3 0 
79 CNOT 2 42 29 2 0 67 
80 CNOT 2 21 16 1 16 
81 CNOT 2 50 35 2 40 44 
82 H 1 1 1 64 
83 CNOT 2 48 24 2 56 34 
84 X 1 43 1 47 
85 X 1 15 1 36 
86 H 1 13 1 67 
87 Y 1 10 1 77 
88 H 1 8 1 73 
89 CNOT 2 38 27 2 48 49 
90 Y 1 25 1 11 
91 X 1 15 1 85 
92 CNOT 2 63 10 1 87 
93 H 1 52 1 10 
94 Y 1 30 0 
95 H 1 37 1 58 
96 CNOT 2 26 50 2 81 63 
97 X 1 45 1 68 
98 X 1 51 1 48 
99 H 1 41 1 71 
100 H 1 62 1 60 
101 X 1 34 1 25 
102 X 1 24 1 83 
103 X 1 18 1 23 
104 Y 1 39 1 66 
105 Y 1 12 1 50 
106 H 1 49 1 65 
107 CNOT 2 46 63 1 92 
108 CNOT 2 22 0 2 32 69 
109 X 1 11 1 69 
110 Y 1 14 1 43 
111 Y 1 21 1 80 
112 H 1 36 1 24 
113 X 1 17 1 8 
114 Y 1 42 1 79 
115 CNOT 2 20 26 2 96 26 
116 CNOT 2 16 32 2 80 51 
117 Y 1 8 1 53 
118 CNOT 2 20 58 2 115 14 
119 H 1 32 1 116 
