31 55
0 X 1 25 0 
1 Y 1 21 0 
2 CNOT 2 16 12 0 
3 Y 1 7 0 
4 H 1 10 0 
5 X 1 26 0 
6 X 1 25 1 0 
7 H 1 26 1 5 
8 H 1 23 1 11 
9 H 1 4 0 
10 X 1 22 0 
11 Y 1 23 0 
12 X 1 28 0 
13 Y 1 24 0 
14 X 1 30 0 
15 X 1 7 1 3 
16 CNOT 2 1 28 1 12 
17 CNOT 2 13 21 1 1 
18 CNOT 2 16 3 1 2 
19 H 1 30 1 14 
20 Y 1 11 0 
21 CNOT 2 3 17 1 18 
22 H 1 26 1 7 
23 CNOT 2 11 25 2 20 6 
24 H 1 4 1 43 
25 X 1 15 1 47 
26 H 1 11 1 23 
27 X 1 14 0 
28 X 1 26 1 22 
29 X 1 2 0 
30 Y 1 18 0 
31 Y 1 19 0 
32 X 1 0 0 
33 Y 1 24 1 13 
34 X 1 26 1 28 
35 H 1 22 1 10 
36 X 1 11 1 26 
37 CNOT 2 6 28 1 16 
38 X 1 22 1 35 
39 CNOT 2 2 21 2 17 29 
40 Y 1 4 1 9 
41 Y 1 18 1 30 
42 X 1 10 1 4 
43 CNOT 2 6 4 2 40 37 
44 CNOT 2 29 12 1 2 
45 H 1 9 0 
46 CNOT 2 29 17 2 44 21 
47 X 1 15 0 
48 Y 1 28 1 37 
49 CNOT 2 5 9 1 45 
50 Y 1 1 1 16 
51 Y 1 20 0 
52 CNOT 2 3 27 1 21 
53 X 1 28 1 48 
54 H 1 18 1 41 
