8 225
0 X 1 0 0 
1 Y 1 4 0 
2 CNOT 2 3 7 0 
3 H 1 7 1 2 
4 X 1 1 0 
5 H 1 5 0 
6 Y 1 5 1 5 
7 CNOT 2 7 6 1 3 
8 Y 1 7 1 7 
9 H 1 7 1 8 
10 Y 1 7 1 9 
11 Y 1 0 1 0 
12 CNOT 2 0 7 2 10 11 
13 Y 1 6 1 7 
14 H 1 7 1 12 
15 Y 1 7 1 14 
16 X 1 6 1 13 
17 Y 1 0 1 12 
18 Y 1 0 1 17 
19 X 1 1 1 4 
20 H 1 1 1 19 
21 X 1 1 1 20 
22 H 1 0 1 18 
23 H 1 7 1 15 
24 CNOT 2 7 1 2 21 23 
25 X 1 7 1 24 
26 Y 1 6 1 52 
27 H 1 0 1 22 
28 Y 1 7 1 25 
29 CNOT 2 7 6 2 16 28 
30 CNOT 2 6 7 1 29 
31 CNOT 2 7 0 2 27 30 
32 H 1 0 1 31 
33 H 1 7 1 31 
34 H 1 6 1 30 
35 X 1 2 0 
36 Y 1 7 1 33 
37 H 1 7 1 36 
38 X 1 6 1 34 
39 Y 1 1 1 24 
40 X 1 6 1 38 
41 X 1 7 1 37 
42 X 1 7 1 41 
43 CNOT 2 6 0 2 32 40 
44 Y 1 1 1 39 
45 X 1 6 1 43 
46 CNOT 2 6 0 2 43 45 
47 CNOT 2 6 7 2 42 46 
48 H 1 7 1 47 
49 Y 1 6 1 47 
50 CNOT 2 7 0 2 48 46 
51 CNOT 2 6 0 2 49 50 
52 CNOT 2 6 7 2 50 51 
53 Y 1 6 1 102 
54 CNOT 2 0 7 1 106 
55 CNOT 2 0 1 2 104 54 
56 Y 1 6 1 53 
57 Y 1 7 1 52 
58 H 1 1 1 44 
59 Y 1 6 1 26 
60 X 1 1 1 58 
61 X 1 2 1 35 
62 CNOT 2 6 7 2 57 59 
63 CNOT 2 0 7 2 51 62 
64 H 1 0 1 63 
65 H 1 7 1 63 
66 X 1 0 1 64 
67 Y 1 7 1 65 
68 X 1 6 1 62 
69 CNOT 2 7 6 2 67 68 
70 CNOT 2 1 7 2 60 69 
71 X 1 7 1 70 
72 CNOT 2 1 0 2 66 70 
73 X 1 1 1 72 
74 X 1 7 1 71 
75 X 1 7 1 74 
76 X 1 1 1 73 
77 Y 1 0 1 72 
78 H 1 7 1 75 
79 X 1 7 1 78 
80 H 1 0 1 77 
81 CNOT 2 7 0 2 80 79 
82 H 1 6 1 69 
83 X 1 7 1 81 
84 X 1 0 1 81 
85 X 1 6 1 82 
86 H 1 2 1 61 
87 H 1 7 1 83 
88 CNOT 2 6 0 2 84 85 
89 Y 1 0 1 88 
90 CNOT 2 7 6 2 88 87 
91 CNOT 2 0 7 2 89 90 
92 X 1 7 1 91 
93 X 1 0 1 91 
94 CNOT 2 6 1 2 90 76 
95 Y 1 7 1 92 
96 Y 1 1 1 94 
97 X 1 1 1 96 
98 CNOT 2 1 6 2 97 94 
99 CNOT 2 2 7 2 86 95 
100 CNOT 2 4 7 2 1 99 
101 Y 1 0 1 93 
102 CNOT 2 7 6 2 98 100 
103 H 1 7 1 102 
104 H 1 1 1 98 
105 Y 1 0 1 101 
106 CNOT 2 0 7 2 105 103 
107 X 1 7 1 208 
108 X 1 1 1 205 
109 Y 1 0 1 205 
110 H 1 1 1 108 
111 Y 1 6 1 207 
112 CNOT 2 1 6 2 110 111 
113 X 1 1 1 55 
114 CNOT 2 7 1 2 113 54 
115 CNOT 2 6 0 2 56 55 
116 X 1 7 1 114 
117 CNOT 2 0 1 2 114 115 
118 H 1 7 1 116 
119 H 1 7 1 118 
120 X 1 7 1 119 
121 CNOT 2 7 0 2 120 117 
122 H 1 6 1 115 
123 H 1 1 1 117 
124 CNOT 2 7 0 1 121 
125 CNOT 2 0 4 2 124 100 
126 Y 1 7 1 124 
127 H 1 7 1 126 
128 CNOT 2 7 0 2 125 127 
129 Y 1 6 1 122 
130 H 1 7 1 128 
131 X 1 7 1 130 
132 X 1 7 1 131 
133 H 1 7 1 132 
134 H 1 6 1 129 
135 H 1 7 1 133 
136 X 1 6 1 134 
137 X 1 1 1 123 
138 X 1 1 1 137 
139 Y 1 6 1 136 
140 Y 1 0 1 128 
141 CNOT 2 7 6 2 139 135 
142 Y 1 3 1 2 
143 H 1 7 1 141 
144 CNOT 2 6 4 2 125 141 
145 CNOT 2 4 0 2 144 140 
146 Y 1 7 1 143 
147 X 1 6 1 144 
148 Y 1 6 1 147 
149 X 1 7 1 146 
150 CNOT 2 7 1 2 138 149 
151 H 1 4 1 145 
152 H 1 7 1 150 
153 Y 1 7 1 152 
154 H 1 0 1 145 
155 CNOT 2 1 0 2 154 150 
156 X 1 7 1 153 
157 Y 1 1 1 155 
158 X 1 7 1 156 
159 Y 1 5 1 6 
160 H 1 1 1 157 
161 X 1 7 1 158 
162 CNOT 2 0 6 2 155 148 
163 CNOT 2 1 7 2 160 161 
164 X 1 7 1 163 
165 Y 1 1 1 163 
166 H 1 7 1 164 
167 H 1 6 1 162 
168 H 1 0 1 162 
169 CNOT 2 7 6 2 166 167 
170 CNOT 2 6 7 1 169 
171 X 1 7 1 170 
172 X 1 6 1 170 
173 X 1 6 1 172 
174 H 1 7 1 171 
175 CNOT 2 0 7 2 168 174 
176 CNOT 2 7 6 2 173 175 
177 CNOT 2 7 0 2 176 175 
178 H 1 7 1 177 
179 CNOT 2 7 0 2 177 178 
180 H 1 0 1 179 
181 H 1 1 1 165 
182 X 1 7 1 179 
183 X 1 0 1 180 
184 X 1 1 1 181 
185 H 1 4 1 151 
186 H 1 2 1 99 
187 Y 1 7 1 182 
188 X 1 0 1 183 
189 Y 1 7 1 187 
190 Y 1 1 1 184 
191 CNOT 2 0 6 2 176 188 
192 CNOT 2 4 1 2 185 190 
193 H 1 0 1 191 
194 CNOT 2 7 0 2 193 189 
195 Y 1 6 1 191 
196 X 1 0 1 194 
197 Y 1 6 1 195 
198 Y 1 7 1 194 
199 CNOT 2 6 7 2 197 198 
200 Y 1 7 1 199 
201 Y 1 7 1 200 
202 Y 1 7 1 201 
203 X 1 6 1 199 
204 H 1 1 1 192 
205 CNOT 2 0 1 2 204 196 
206 H 1 7 1 202 
207 Y 1 6 1 203 
208 X 1 7 1 206 
209 CNOT 2 0 6 2 112 109 
210 Y 1 7 1 107 
211 CNOT 2 1 0 2 112 209 
212 CNOT 2 6 0 2 209 211 
213 Y 1 7 1 210 
214 CNOT 2 6 7 2 212 213 
215 Y 1 1 1 211 
216 H 1 1 1 215 
217 CNOT 2 0 7 2 212 214 
218 X 1 7 1 217 
219 CNOT 2 7 0 2 217 218 
220 H 1 0 1 219 
221 X 1 1 1 216 
222 Y 1 6 1 214 
223 Y 1 7 1 219 
224 H 1 0 1 220 
