54 223
0 CNOT 2 2 38 0 
1 H 1 2 1 4 
2 CNOT 2 40 11 1 90 
3 Y 1 2 1 0 
4 CNOT 2 2 41 1 3 
5 Y 1 30 0 
6 Y 1 13 0 
7 X 1 28 0 
8 X 1 14 0 
9 H 1 0 0 
10 X 1 41 1 4 
11 H 1 42 0 
12 CNOT 2 23 47 0 
13 CNOT 2 39 53 0 
14 H 1 44 0 
15 X 1 6 0 
16 CNOT 2 49 30 1 5 
17 Y 1 53 1 13 
18 Y 1 40 0 
19 H 1 21 1 54 
20 X 1 40 1 18 
21 X 1 34 0 
22 CNOT 2 14 37 1 8 
23 X 1 7 0 
24 Y 1 40 1 20 
25 Y 1 53 1 17 
26 Y 1 48 0 
27 X 1 12 0 
28 H 1 30 1 16 
29 H 1 12 1 27 
30 X 1 33 0 
31 X 1 24 0 
32 X 1 16 0 
33 CNOT 2 40 30 2 24 28 
34 X 1 12 1 29 
35 X 1 51 0 
36 X 1 47 1 12 
37 Y 1 8 0 
38 Y 1 7 1 23 
39 CNOT 2 10 18 0 
40 Y 1 37 1 22 
41 X 1 51 1 35 
42 H 1 22 0 
43 X 1 15 0 
44 H 1 37 1 40 
45 Y 1 49 1 16 
46 X 1 18 1 39 
47 Y 1 49 1 45 
48 H 1 5 0 
49 Y 1 28 1 7 
50 Y 1 16 1 32 
51 H 1 4 0 
52 H 1 30 1 33 
53 CNOT 2 13 30 2 52 6 
54 CNOT 2 44 21 2 89 14 
55 Y 1 13 1 53 
56 H 1 49 1 67 
57 X 1 29 0 
58 H 1 7 1 38 
59 X 1 30 1 53 
60 Y 1 14 1 22 
61 H 1 12 1 34 
62 CNOT 2 29 40 2 33 57 
63 Y 1 3 0 
64 CNOT 2 18 12 2 61 46 
65 Y 1 4 1 51 
66 X 1 16 1 50 
67 H 1 49 1 47 
68 CNOT 2 3 41 2 10 63 
69 CNOT 2 28 48 2 49 26 
70 H 1 18 1 64 
71 H 1 51 1 41 
72 X 1 18 1 70 
73 CNOT 2 9 34 1 21 
74 CNOT 2 4 23 2 65 12 
75 X 1 24 1 31 
76 H 1 3 1 68 
77 CNOT 2 23 35 1 74 
78 H 1 28 1 69 
79 CNOT 2 47 3 2 76 36 
80 H 1 14 1 60 
81 Y 1 36 0 
82 H 1 28 1 78 
83 X 1 10 1 39 
84 X 1 28 1 82 
85 Y 1 47 1 79 
86 H 1 41 1 68 
87 X 1 2 1 1 
88 CNOT 2 21 10 1 83 
89 H 1 21 1 88 
90 CNOT 2 40 51 2 62 71 
91 Y 1 20 0 
92 H 1 37 1 44 
93 H 1 48 1 69 
94 Y 1 4 1 74 
95 X 1 29 1 62 
96 CNOT 2 28 18 2 72 84 
97 H 1 24 1 75 
98 X 1 30 1 59 
99 Y 1 22 1 42 
100 CNOT 2 2 3 2 87 79 
101 CNOT 2 4 53 2 25 94 
102 H 1 22 1 99 
103 Y 1 16 1 66 
104 CNOT 2 48 29 2 93 95 
105 H 1 26 0 
106 CNOT 2 18 23 2 96 77 
107 X 1 53 1 101 
108 H 1 30 1 98 
109 X 1 6 1 124 
110 H 1 21 1 205 
111 Y 1 5 1 48 
112 Y 1 3 1 195 
113 Y 1 29 1 142 
114 H 1 38 1 0 
115 Y 1 3 1 100 
116 Y 1 12 1 64 
117 CNOT 2 27 23 1 106 
118 H 1 16 1 103 
119 X 1 16 1 118 
120 X 1 18 1 106 
121 Y 1 2 1 100 
122 Y 1 42 1 11 
123 Y 1 6 1 15 
124 CNOT 2 6 2 2 121 123 
125 Y 1 40 1 2 
126 H 1 23 1 117 
127 X 1 37 1 92 
128 H 1 40 1 125 
129 X 1 16 1 119 
130 X 1 12 1 116 
131 Y 1 53 1 107 
132 CNOT 2 16 14 2 80 129 
133 X 1 40 1 128 
134 X 1 47 1 85 
135 X 1 19 0 
136 X 1 40 1 133 
137 X 1 52 0 
138 X 1 13 1 55 
139 Y 1 35 1 77 
140 CNOT 2 29 2 2 104 124 
141 X 1 43 0 
142 H 1 29 1 140 
143 Y 1 23 1 126 
144 X 1 41 1 86 
145 Y 1 13 1 138 
146 CNOT 2 2 16 2 140 132 
147 CNOT 2 22 18 2 120 102 
148 CNOT 2 19 43 2 141 135 
149 H 1 30 1 108 
150 Y 1 43 1 148 
151 X 1 46 0 
152 CNOT 2 27 7 2 58 117 
153 CNOT 2 47 41 2 144 134 
154 H 1 53 1 131 
155 H 1 38 1 114 
156 X 1 2 1 146 
157 CNOT 2 41 28 2 96 153 
158 Y 1 3 1 115 
159 Y 1 23 1 143 
160 X 1 53 1 154 
161 Y 1 53 1 160 
162 X 1 12 1 130 
163 Y 1 2 1 156 
164 H 1 49 1 56 
165 X 1 50 0 
166 CNOT 2 23 28 2 157 159 
167 Y 1 16 1 146 
168 X 1 37 1 127 
169 H 1 8 1 37 
170 Y 1 22 1 147 
171 X 1 18 1 147 
172 CNOT 2 49 52 2 137 164 
173 X 1 18 1 171 
174 Y 1 3 1 158 
175 CNOT 2 53 16 2 161 167 
176 X 1 24 1 97 
177 CNOT 2 51 23 2 90 166 
178 CNOT 2 23 10 2 88 177 
179 H 1 49 1 172 
180 CNOT 2 46 49 2 179 151 
181 CNOT 2 14 2 2 163 132 
182 CNOT 2 39 0 2 9 13 
183 X 1 30 1 149 
184 CNOT 2 1 28 1 166 
185 Y 1 48 1 104 
186 CNOT 2 2 44 2 181 54 
187 Y 1 39 1 182 
188 X 1 40 1 136 
189 X 1 47 1 153 
190 Y 1 34 1 73 
191 CNOT 2 53 30 2 183 175 
192 CNOT 2 35 22 2 170 139 
193 H 1 1 1 184 
194 CNOT 2 13 47 2 145 189 
195 X 1 3 1 174 
196 X 1 35 1 192 
197 CNOT 2 18 28 2 184 173 
198 X 1 28 1 197 
199 H 1 31 0 
200 X 1 21 1 19 
201 Y 1 53 1 191 
202 X 1 37 1 168 
203 CNOT 2 26 53 2 105 201 
204 X 1 0 1 182 
205 CNOT 2 21 24 2 176 200 
206 Y 1 18 1 197 
207 H 1 37 1 202 
208 X 1 51 1 177 
209 X 1 38 1 155 
210 H 1 2 1 186 
211 X 1 46 1 180 
212 X 1 22 1 192 
213 CNOT 2 51 11 2 208 2 
214 X 1 16 1 175 
215 X 1 28 1 198 
216 CNOT 2 30 45 1 191 
217 H 1 23 1 178 
218 H 1 20 1 91 
219 H 1 49 1 180 
220 X 1 14 1 181 
221 CNOT 2 11 18 2 213 206 
222 CNOT 2 22 35 2 212 196 
