16 474
0 CNOT 2 9 5 0 
1 H 1 4 0 
2 CNOT 2 7 1 1 6 
3 CNOT 2 15 9 1 0 
4 Y 1 5 1 0 
5 H 1 2 0 
6 Y 1 7 0 
7 X 1 14 0 
8 Y 1 9 1 3 
9 Y 1 12 0 
10 H 1 11 0 
11 CNOT 2 11 14 2 10 7 
12 CNOT 2 14 11 1 11 
13 X 1 7 1 2 
14 H 1 7 1 13 
15 CNOT 2 2 14 2 12 5 
16 X 1 9 1 8 
17 X 1 11 1 12 
18 H 1 4 1 1 
19 CNOT 2 4 12 2 9 18 
20 Y 1 14 1 15 
21 CNOT 2 4 14 2 19 20 
22 X 1 14 1 47 
23 H 1 7 1 47 
24 H 1 7 1 14 
25 Y 1 7 1 24 
26 H 1 15 1 3 
27 X 1 7 1 25 
28 Y 1 11 1 17 
29 CNOT 2 13 8 0 
30 H 1 8 1 29 
31 H 1 14 1 21 
32 Y 1 2 1 15 
33 H 1 7 1 27 
34 H 1 15 1 26 
35 CNOT 2 1 7 2 33 2 
36 CNOT 2 5 2 2 32 4 
37 CNOT 2 13 12 2 19 29 
38 CNOT 2 7 11 2 35 28 
39 CNOT 2 14 2 2 36 31 
40 CNOT 2 12 14 2 37 39 
41 CNOT 2 11 12 2 40 38 
42 Y 1 14 1 40 
43 CNOT 2 8 7 2 38 30 
44 H 1 11 1 41 
45 X 1 11 1 44 
46 X 1 5 1 36 
47 CNOT 2 14 7 2 42 43 
48 Y 1 4 1 21 
49 X 1 1 1 35 
50 X 1 11 1 45 
51 H 1 2 1 109 
52 CNOT 2 9 11 2 98 107 
53 H 1 14 1 105 
54 Y 1 14 1 53 
55 X 1 14 1 22 
56 H 1 14 1 55 
57 Y 1 11 1 50 
58 Y 1 15 1 34 
59 Y 1 8 1 43 
60 X 1 1 1 49 
61 CNOT 2 14 0 1 56 
62 H 1 11 1 57 
63 Y 1 4 1 48 
64 CNOT 2 8 14 2 59 61 
65 X 1 11 1 62 
66 X 1 7 1 23 
67 X 1 11 1 65 
68 Y 1 2 1 39 
69 Y 1 14 1 64 
70 X 1 9 1 16 
71 X 1 4 1 63 
72 Y 1 3 0 
73 H 1 0 1 61 
74 H 1 2 1 68 
75 H 1 11 1 67 
76 Y 1 3 1 72 
77 X 1 14 1 69 
78 CNOT 2 9 5 2 70 46 
79 X 1 11 1 75 
80 X 1 7 1 66 
81 Y 1 15 1 58 
82 H 1 2 1 74 
83 X 1 7 1 80 
84 Y 1 7 1 83 
85 Y 1 12 1 41 
86 X 1 2 1 82 
87 X 1 4 1 71 
88 Y 1 11 1 79 
89 Y 1 7 1 84 
90 X 1 2 1 86 
91 H 1 5 1 78 
92 H 1 5 1 91 
93 H 1 11 1 88 
94 CNOT 2 3 2 2 90 76 
95 CNOT 2 1 5 2 92 60 
96 CNOT 2 7 14 2 89 77 
97 X 1 4 1 87 
98 CNOT 2 7 11 2 96 93 
99 CNOT 2 2 15 2 81 94 
100 CNOT 2 7 1 2 98 95 
101 Y 1 7 1 100 
102 Y 1 14 1 96 
103 X 1 1 1 100 
104 X 1 8 1 64 
105 H 1 14 1 102 
106 H 1 5 1 95 
107 H 1 9 1 78 
108 X 1 7 1 101 
109 H 1 2 1 99 
110 H 1 4 1 208 
111 X 1 7 1 215 
112 H 1 11 1 196 
113 H 1 7 1 111 
114 X 1 7 1 113 
115 X 1 14 1 54 
116 Y 1 13 1 37 
117 Y 1 11 1 52 
118 X 1 15 1 99 
119 X 1 2 1 51 
120 H 1 14 1 115 
121 X 1 7 1 108 
122 CNOT 2 1 2 2 119 103 
123 Y 1 7 1 121 
124 CNOT 2 2 4 2 97 122 
125 CNOT 2 11 14 2 120 117 
126 X 1 2 1 124 
127 X 1 14 1 125 
128 X 1 11 1 125 
129 Y 1 7 1 123 
130 H 1 4 1 124 
131 Y 1 2 1 126 
132 H 1 1 1 122 
133 X 1 3 1 94 
134 X 1 7 1 129 
135 Y 1 7 1 134 
136 X 1 11 1 128 
137 X 1 0 1 73 
138 H 1 7 1 135 
139 CNOT 2 2 0 2 137 131 
140 Y 1 11 1 136 
141 X 1 6 0 
142 X 1 13 1 116 
143 X 1 0 1 139 
144 CNOT 2 4 14 2 130 127 
145 CNOT 2 14 15 2 144 118 
146 X 1 5 1 106 
147 X 1 7 1 138 
148 X 1 7 1 147 
149 X 1 14 1 145 
150 Y 1 14 1 149 
151 Y 1 11 1 140 
152 CNOT 2 1 11 2 132 151 
153 X 1 7 1 148 
154 CNOT 2 12 4 2 144 85 
155 X 1 4 1 154 
156 X 1 14 1 150 
157 CNOT 2 7 2 2 153 139 
158 H 1 7 1 157 
159 H 1 11 1 152 
160 H 1 11 1 159 
161 X 1 14 1 156 
162 Y 1 8 1 104 
163 CNOT 2 14 7 2 161 158 
164 X 1 11 1 160 
165 Y 1 11 1 164 
166 X 1 7 1 163 
167 CNOT 2 11 14 2 163 165 
168 Y 1 14 1 167 
169 Y 1 14 1 168 
170 CNOT 2 7 0 2 166 143 
171 H 1 8 1 162 
172 CNOT 2 7 0 1 170 
173 CNOT 2 7 11 2 172 167 
174 Y 1 0 1 172 
175 X 1 11 1 173 
176 H 1 11 1 175 
177 CNOT 2 11 14 2 176 169 
178 CNOT 2 4 7 2 155 173 
179 CNOT 2 11 2 2 177 157 
180 CNOT 2 11 7 2 178 179 
181 H 1 14 1 177 
182 Y 1 4 1 178 
183 CNOT 2 1 2 2 152 179 
184 H 1 14 1 181 
185 H 1 13 1 142 
186 H 1 11 1 180 
187 X 1 11 1 186 
188 X 1 2 1 183 
189 X 1 7 1 180 
190 CNOT 2 6 13 2 185 141 
191 X 1 11 1 187 
192 H 1 3 1 133 
193 H 1 15 1 145 
194 Y 1 2 1 188 
195 X 1 1 1 183 
196 H 1 11 1 191 
197 Y 1 6 1 190 
198 X 1 2 1 194 
199 X 1 7 1 189 
200 Y 1 5 1 146 
201 Y 1 7 1 199 
202 Y 1 9 1 52 
203 H 1 8 1 171 
204 Y 1 2 1 198 
205 H 1 3 1 192 
206 CNOT 2 2 14 2 184 204 
207 X 1 5 1 200 
208 Y 1 4 1 182 
209 Y 1 0 1 174 
210 X 1 7 1 201 
211 H 1 14 1 206 
212 H 1 12 1 154 
213 CNOT 2 8 9 2 202 203 
214 X 1 7 1 210 
215 CNOT 2 2 7 2 214 206 
216 X 1 11 1 436 
217 CNOT 2 5 4 2 416 430 
218 Y 1 11 1 216 
219 H 1 13 1 438 
220 Y 1 11 1 218 
221 H 1 11 1 220 
222 Y 1 11 1 221 
223 Y 1 7 1 437 
224 Y 1 6 1 426 
225 H 1 8 1 412 
226 Y 1 0 1 413 
227 X 1 11 1 222 
228 X 1 2 1 439 
229 X 1 8 1 225 
230 H 1 11 1 112 
231 H 1 9 1 213 
232 Y 1 11 1 230 
233 X 1 14 1 211 
234 H 1 1 1 195 
235 H 1 11 1 232 
236 Y 1 9 1 231 
237 CNOT 2 14 8 2 233 213 
238 H 1 11 1 235 
239 X 1 6 1 197 
240 H 1 11 1 238 
241 Y 1 2 1 215 
242 Y 1 8 1 237 
243 X 1 2 1 241 
244 X 1 2 1 243 
245 Y 1 11 1 240 
246 H 1 11 1 245 
247 H 1 14 1 237 
248 X 1 11 1 246 
249 H 1 1 1 234 
250 H 1 11 1 248 
251 CNOT 2 14 1 2 249 247 
252 Y 1 15 1 193 
253 CNOT 2 14 9 2 251 236 
254 Y 1 11 1 250 
255 H 1 14 1 253 
256 H 1 8 1 242 
257 CNOT 2 5 11 2 254 207 
258 X 1 14 1 255 
259 Y 1 1 1 251 
260 H 1 2 1 244 
261 H 1 8 1 256 
262 Y 1 15 1 252 
263 H 1 4 1 110 
264 X 1 11 1 257 
265 X 1 15 1 262 
266 CNOT 2 14 4 2 258 263 
267 Y 1 14 1 266 
268 X 1 2 1 260 
269 X 1 0 1 209 
270 X 1 2 1 268 
271 H 1 11 1 264 
272 CNOT 2 2 8 2 261 270 
273 X 1 5 1 257 
274 Y 1 4 1 266 
275 H 1 7 1 114 
276 Y 1 11 1 271 
277 Y 1 5 1 273 
278 Y 1 8 1 272 
279 Y 1 15 1 265 
280 CNOT 2 0 14 2 267 269 
281 CNOT 2 14 1 2 280 259 
282 X 1 4 1 274 
283 Y 1 11 1 276 
284 H 1 5 1 277 
285 X 1 7 1 275 
286 H 1 14 1 281 
287 H 1 7 1 285 
288 H 1 5 1 284 
289 H 1 11 1 283 
290 X 1 2 1 272 
291 H 1 4 1 282 
292 CNOT 2 7 14 2 286 287 
293 X 1 3 1 205 
294 CNOT 2 15 7 2 292 279 
295 Y 1 11 1 289 
296 Y 1 12 1 212 
297 H 1 14 1 292 
298 CNOT 2 0 15 2 280 294 
299 H 1 11 1 295 
300 CNOT 2 9 15 2 298 253 
301 X 1 11 1 299 
302 H 1 11 1 301 
303 X 1 14 1 297 
304 H 1 11 1 302 
305 X 1 5 1 288 
306 Y 1 7 1 294 
307 Y 1 6 1 239 
308 X 1 14 1 303 
309 Y 1 11 1 304 
310 X 1 1 1 281 
311 X 1 13 1 190 
312 H 1 14 1 308 
313 X 1 9 1 300 
314 X 1 8 1 278 
315 Y 1 4 1 291 
316 X 1 7 1 306 
317 CNOT 2 14 11 2 312 309 
318 Y 1 11 1 317 
319 CNOT 2 11 7 2 316 318 
320 X 1 11 1 319 
321 X 1 11 1 320 
322 Y 1 8 1 314 
323 Y 1 15 1 300 
324 CNOT 2 0 2 2 290 298 
325 Y 1 3 1 293 
326 Y 1 12 1 296 
327 X 1 14 1 317 
328 Y 1 11 1 321 
329 X 1 4 1 315 
330 X 1 7 1 319 
331 Y 1 13 1 311 
332 CNOT 2 11 2 2 328 324 
333 H 1 12 1 326 
334 CNOT 2 2 7 2 330 332 
335 Y 1 14 1 327 
336 CNOT 2 2 14 2 334 335 
337 Y 1 4 1 329 
338 X 1 7 1 334 
339 H 1 12 1 333 
340 X 1 14 1 336 
341 H 1 3 1 325 
342 H 1 0 1 324 
343 H 1 14 1 340 
344 X 1 2 1 336 
345 CNOT 2 7 15 2 338 323 
346 X 1 12 1 339 
347 CNOT 2 3 6 2 307 341 
348 H 1 14 1 343 
349 H 1 14 1 348 
350 H 1 2 1 344 
351 H 1 11 1 332 
352 X 1 14 1 349 
353 X 1 15 1 345 
354 CNOT 2 3 9 2 313 347 
355 CNOT 2 12 2 2 346 350 
356 X 1 8 1 322 
357 H 1 15 1 353 
358 Y 1 2 1 355 
359 CNOT 2 7 5 2 305 345 
360 H 1 11 1 351 
361 Y 1 14 1 352 
362 X 1 11 1 360 
363 X 1 15 1 357 
364 X 1 14 1 361 
365 X 1 2 1 358 
366 Y 1 4 1 337 
367 CNOT 2 7 2 2 365 359 
368 Y 1 9 1 354 
369 CNOT 2 11 4 2 362 366 
370 H 1 11 1 369 
371 CNOT 2 11 2 2 370 367 
372 Y 1 11 1 371 
373 H 1 14 1 364 
374 H 1 14 1 373 
375 CNOT 2 1 2 2 371 310 
376 X 1 2 1 375 
377 H 1 2 1 376 
378 H 1 14 1 374 
379 CNOT 2 7 3 2 354 367 
380 CNOT 2 2 9 2 368 377 
381 Y 1 12 1 355 
382 CNOT 2 11 14 2 378 372 
383 Y 1 15 1 363 
384 Y 1 7 1 379 
385 CNOT 2 13 14 2 331 382 
386 X 1 11 1 382 
387 Y 1 7 1 384 
388 CNOT 2 11 7 2 386 387 
389 CNOT 2 15 11 2 388 383 
390 H 1 11 1 389 
391 X 1 11 1 390 
392 CNOT 2 11 9 2 380 391 
393 Y 1 7 1 388 
394 H 1 11 1 392 
395 H 1 13 1 385 
396 CNOT 2 7 14 2 385 393 
397 Y 1 15 1 389 
398 CNOT 2 11 2 2 394 380 
399 CNOT 2 2 1 2 398 375 
400 Y 1 2 1 399 
401 X 1 5 1 359 
402 CNOT 2 11 7 2 396 398 
403 Y 1 14 1 396 
404 H 1 14 1 403 
405 Y 1 7 1 402 
406 CNOT 2 7 11 2 402 405 
407 Y 1 11 1 406 
408 CNOT 2 15 14 2 404 397 
409 H 1 11 1 407 
410 X 1 11 1 409 
411 CNOT 2 14 5 2 408 401 
412 H 1 8 1 356 
413 CNOT 2 0 15 2 408 342 
414 X 1 2 1 400 
415 CNOT 2 1 6 2 347 399 
416 X 1 5 1 411 
417 CNOT 2 4 2 2 369 414 
418 H 1 14 1 411 
419 X 1 15 1 413 
420 Y 1 2 1 417 
421 X 1 11 1 410 
422 X 1 7 1 406 
423 H 1 7 1 422 
424 CNOT 2 2 3 2 379 420 
425 X 1 7 1 423 
426 H 1 6 1 415 
427 CNOT 2 15 9 2 392 419 
428 H 1 7 1 425 
429 X 1 2 1 424 
430 Y 1 4 1 417 
431 Y 1 2 1 429 
432 X 1 2 1 431 
433 CNOT 2 3 7 2 424 428 
434 Y 1 7 1 433 
435 CNOT 2 2 14 2 432 418 
436 H 1 11 1 421 
437 Y 1 7 1 434 
438 X 1 13 1 395 
439 CNOT 2 2 3 2 433 435 
440 Y 1 15 1 427 
441 Y 1 9 1 427 
442 Y 1 3 1 439 
443 Y 1 11 1 227 
444 H 1 7 1 223 
445 CNOT 2 5 11 2 217 443 
446 X 1 3 1 442 
447 H 1 12 1 381 
448 H 1 7 1 444 
449 Y 1 2 1 228 
450 CNOT 2 7 2 2 448 449 
451 CNOT 2 7 2 1 450 
452 H 1 12 1 447 
453 CNOT 2 2 13 2 219 451 
454 H 1 2 1 453 
455 H 1 2 1 454 
456 X 1 15 1 440 
457 CNOT 2 2 11 2 445 455 
458 X 1 11 1 457 
459 CNOT 2 5 11 2 458 445 
460 CNOT 2 7 2 2 457 451 
461 H 1 7 1 460 
462 Y 1 14 1 435 
463 X 1 15 1 456 
464 H 1 7 1 461 
465 H 1 0 1 226 
466 Y 1 2 1 460 
467 CNOT 2 8 11 2 459 229 
468 CNOT 2 5 11 2 459 467 
469 X 1 7 1 464 
470 Y 1 4 1 217 
471 X 1 4 1 470 
472 H 1 4 1 471 
473 CNOT 2 3 11 2 468 446 
