32 92
0 H 1 6 1 1 
1 CNOT 2 13 6 0 
2 X 1 24 0 
3 H 1 30 0 
4 CNOT 2 19 23 0 
5 X 1 0 0 
6 Y 1 25 0 
7 H 1 2 0 
8 X 1 18 0 
9 X 1 11 0 
10 X 1 6 1 0 
11 Y 1 26 0 
12 X 1 5 0 
13 CNOT 2 25 26 2 20 6 
14 Y 1 12 0 
15 X 1 20 0 
16 CNOT 2 1 13 1 1 
17 X 1 9 0 
18 CNOT 2 15 7 0 
19 CNOT 2 30 2 2 3 7 
20 CNOT 2 26 28 1 11 
21 Y 1 7 1 18 
22 CNOT 2 20 21 1 15 
23 Y 1 18 1 8 
24 X 1 19 1 4 
25 CNOT 2 2 9 2 17 19 
26 Y 1 2 1 25 
27 Y 1 20 1 22 
28 H 1 25 1 13 
29 X 1 28 1 20 
30 Y 1 20 1 27 
31 Y 1 22 0 
32 Y 1 29 0 
33 X 1 4 0 
34 CNOT 2 11 7 2 9 21 
35 H 1 6 1 10 
36 CNOT 2 5 20 2 12 30 
37 H 1 18 1 23 
38 H 1 12 1 14 
39 Y 1 23 1 4 
40 H 1 3 0 
41 H 1 16 0 
42 X 1 30 1 19 
43 Y 1 15 1 18 
44 Y 1 0 1 5 
45 X 1 31 0 
46 Y 1 8 0 
47 H 1 6 1 35 
48 Y 1 25 1 28 
49 X 1 29 1 32 
50 CNOT 2 27 17 0 
51 Y 1 2 1 26 
52 CNOT 2 11 30 2 34 42 
53 CNOT 2 28 8 2 29 46 
54 H 1 25 1 48 
55 CNOT 2 20 16 2 41 36 
56 X 1 6 1 47 
57 Y 1 18 1 37 
58 X 1 31 1 45 
59 X 1 5 1 36 
60 CNOT 2 17 25 2 50 54 
61 Y 1 31 1 58 
62 Y 1 5 1 59 
63 H 1 18 1 57 
64 H 1 23 1 39 
65 Y 1 2 1 51 
66 H 1 24 1 2 
67 CNOT 2 5 29 2 49 62 
68 CNOT 2 31 8 2 53 61 
69 X 1 9 1 25 
70 CNOT 2 16 17 2 60 55 
71 Y 1 29 1 67 
72 X 1 29 1 71 
73 CNOT 2 1 14 1 16 
74 H 1 0 1 44 
75 CNOT 2 24 29 2 72 66 
76 H 1 21 1 22 
77 CNOT 2 28 23 2 64 53 
78 Y 1 26 1 13 
79 H 1 22 1 31 
80 CNOT 2 11 28 2 52 77 
81 Y 1 11 1 80 
82 CNOT 2 12 2 2 65 38 
83 H 1 22 1 79 
84 H 1 23 1 77 
85 CNOT 2 14 4 2 33 73 
86 CNOT 2 24 19 2 24 75 
87 CNOT 2 7 31 2 34 68 
88 Y 1 29 1 75 
89 CNOT 2 13 14 2 16 85 
90 X 1 24 1 86 
91 CNOT 2 23 5 2 67 84 
