32 242
0 H 1 15 0 
1 Y 1 18 1 2 
2 Y 1 18 0 
3 X 1 20 0 
4 CNOT 2 5 22 0 
5 X 1 27 0 
6 X 1 21 0 
7 CNOT 2 0 21 1 6 
8 X 1 11 0 
9 Y 1 21 1 7 
10 CNOT 2 0 21 2 9 7 
11 H 1 26 0 
12 X 1 11 1 8 
13 H 1 8 1 21 
14 H 1 2 1 20 
15 X 1 29 0 
16 Y 1 27 1 5 
17 CNOT 2 6 3 0 
18 X 1 10 0 
19 Y 1 12 0 
20 H 1 2 0 
21 CNOT 2 8 28 0 
22 Y 1 22 1 4 
23 X 1 17 0 
24 X 1 30 0 
25 H 1 26 1 11 
26 Y 1 3 1 17 
27 H 1 11 1 12 
28 Y 1 3 1 26 
29 H 1 6 1 17 
30 Y 1 18 1 1 
31 CNOT 2 19 5 1 55 
32 H 1 27 1 54 
33 X 1 14 0 
34 CNOT 2 10 7 1 18 
35 CNOT 2 27 14 2 16 33 
36 CNOT 2 9 29 1 15 
37 Y 1 14 1 35 
38 CNOT 2 24 20 1 3 
39 Y 1 27 1 35 
40 CNOT 2 7 24 2 34 38 
41 Y 1 0 1 10 
42 X 1 3 1 28 
43 Y 1 3 1 42 
44 Y 1 31 0 
45 H 1 14 1 37 
46 X 1 21 1 10 
47 CNOT 2 1 11 1 27 
48 X 1 16 0 
49 H 1 3 1 43 
50 Y 1 18 1 30 
51 X 1 15 1 0 
52 X 1 16 1 48 
53 H 1 13 0 
54 CNOT 2 25 27 1 39 
55 CNOT 2 5 29 2 36 4 
56 X 1 22 1 22 
57 X 1 7 1 40 
58 X 1 24 1 116 
59 Y 1 9 1 116 
60 CNOT 2 11 20 2 65 119 
61 H 1 30 1 97 
62 X 1 29 1 55 
63 H 1 24 1 40 
64 H 1 11 1 47 
65 CNOT 2 5 20 2 38 31 
66 CNOT 2 8 3 2 49 13 
67 X 1 17 1 23 
68 H 1 10 1 34 
69 Y 1 1 1 47 
70 CNOT 2 19 10 2 68 31 
71 X 1 4 0 
72 CNOT 2 1 25 2 69 54 
73 X 1 10 1 70 
74 X 1 13 1 53 
75 Y 1 12 1 19 
76 H 1 0 1 41 
77 Y 1 22 1 56 
78 CNOT 2 31 17 2 67 44 
79 H 1 6 1 29 
80 Y 1 9 1 36 
81 CNOT 2 18 15 2 50 51 
82 H 1 22 1 77 
83 CNOT 2 3 13 2 66 74 
84 H 1 3 1 83 
85 X 1 18 1 81 
86 H 1 8 1 66 
87 Y 1 17 1 78 
88 CNOT 2 23 8 1 86 
89 CNOT 2 10 19 2 73 70 
90 CNOT 2 19 26 2 25 89 
91 H 1 8 1 88 
92 CNOT 2 13 27 2 32 83 
93 CNOT 2 18 26 2 90 85 
94 CNOT 2 16 23 2 88 52 
95 Y 1 30 1 24 
96 X 1 19 1 90 
97 CNOT 2 30 3 2 84 95 
98 CNOT 2 0 10 2 89 76 
99 Y 1 8 1 91 
100 CNOT 2 18 29 2 93 62 
101 CNOT 2 28 11 2 64 21 
102 CNOT 2 27 5 2 65 92 
103 X 1 1 1 72 
104 Y 1 16 1 94 
105 Y 1 11 1 101 
106 Y 1 10 1 98 
107 H 1 12 1 75 
108 Y 1 1 1 103 
109 X 1 16 1 104 
110 Y 1 25 1 72 
111 H 1 10 1 106 
112 Y 1 0 1 98 
113 CNOT 2 4 6 2 79 71 
114 Y 1 22 1 82 
115 X 1 15 1 81 
116 CNOT 2 24 9 2 80 63 
117 CNOT 2 28 7 2 57 101 
118 X 1 28 1 117 
119 H 1 11 1 105 
120 Y 1 8 1 99 
121 CNOT 2 12 8 2 120 107 
122 X 1 7 1 221 
123 CNOT 2 2 15 2 209 174 
124 Y 1 25 1 203 
125 Y 1 16 1 213 
126 Y 1 29 1 223 
127 H 1 23 1 94 
128 CNOT 2 12 25 2 121 110 
129 H 1 31 1 78 
130 X 1 29 1 100 
131 Y 1 10 1 111 
132 X 1 25 1 128 
133 CNOT 2 6 17 2 113 87 
134 X 1 5 1 102 
135 H 1 2 1 14 
136 Y 1 0 1 112 
137 H 1 7 1 117 
138 Y 1 6 1 133 
139 H 1 24 1 58 
140 CNOT 2 30 25 2 132 61 
141 Y 1 28 1 118 
142 H 1 3 1 97 
143 X 1 19 1 96 
144 CNOT 2 24 14 2 139 45 
145 CNOT 2 5 2 2 134 135 
146 CNOT 2 23 2 2 145 127 
147 CNOT 2 25 16 2 140 109 
148 CNOT 2 0 13 2 136 92 
149 CNOT 2 6 12 2 128 138 
150 X 1 31 1 129 
151 H 1 18 1 100 
152 Y 1 26 1 93 
153 H 1 13 1 148 
154 X 1 23 1 146 
155 CNOT 2 14 30 2 144 140 
156 H 1 0 1 148 
157 X 1 13 1 153 
158 X 1 26 1 152 
159 X 1 22 1 114 
160 H 1 22 1 159 
161 X 1 1 1 108 
162 Y 1 17 1 133 
163 Y 1 7 1 137 
164 H 1 30 1 155 
165 H 1 5 1 145 
166 X 1 28 1 141 
167 H 1 1 1 161 
168 H 1 2 1 146 
169 Y 1 27 1 102 
170 X 1 21 1 46 
171 Y 1 15 1 115 
172 CNOT 2 19 13 2 157 143 
173 Y 1 21 1 170 
174 CNOT 2 15 18 2 171 151 
175 Y 1 3 1 142 
176 X 1 24 1 144 
177 X 1 18 1 174 
178 H 1 23 1 154 
179 X 1 29 1 130 
180 H 1 13 1 172 
181 X 1 2 1 168 
182 X 1 26 1 158 
183 H 1 13 1 180 
184 H 1 8 1 121 
185 X 1 17 1 162 
186 X 1 30 1 164 
187 X 1 23 1 178 
188 X 1 17 1 185 
189 Y 1 14 1 155 
190 X 1 25 1 147 
191 Y 1 3 1 175 
192 X 1 5 1 165 
193 H 1 20 1 60 
194 X 1 8 1 184 
195 CNOT 2 0 11 2 156 60 
196 H 1 30 1 186 
197 CNOT 2 0 18 2 177 195 
198 H 1 10 1 131 
199 CNOT 2 10 23 2 187 198 
200 Y 1 5 1 192 
201 Y 1 21 1 173 
202 X 1 13 1 183 
203 Y 1 25 1 190 
204 H 1 16 1 147 
205 CNOT 2 7 12 2 163 149 
206 Y 1 19 1 172 
207 Y 1 29 1 179 
208 H 1 24 1 176 
209 X 1 2 1 181 
210 Y 1 4 1 113 
211 Y 1 11 1 195 
212 H 1 30 1 196 
213 H 1 16 1 204 
214 CNOT 2 31 12 2 205 150 
215 H 1 28 1 166 
216 Y 1 19 1 206 
217 H 1 7 1 205 
218 H 1 31 1 214 
219 X 1 1 1 167 
220 X 1 6 1 149 
221 CNOT 2 5 7 2 200 217 
222 CNOT 2 20 17 2 193 188 
223 Y 1 29 1 207 
224 H 1 9 1 59 
225 X 1 16 1 125 
226 Y 1 18 1 197 
227 H 1 30 1 212 
228 H 1 18 1 226 
229 X 1 31 1 218 
230 H 1 13 1 202 
231 Y 1 13 1 230 
232 H 1 20 1 222 
233 X 1 20 1 232 
234 Y 1 23 1 199 
235 Y 1 11 1 211 
236 H 1 10 1 199 
237 Y 1 8 1 194 
238 CNOT 2 24 18 2 208 228 
239 Y 1 0 1 197 
240 CNOT 2 16 30 2 225 227 
241 Y 1 10 1 236 
