8 117
0 CNOT 2 3 2 0 
1 Y 1 0 0 
2 X 1 1 0 
3 CNOT 2 0 4 1 1 
4 H 1 6 0 
5 CNOT 2 2 7 2 10 11 
6 CNOT 2 7 5 0 
7 Y 1 1 1 2 
8 X 1 7 1 6 
9 CNOT 2 7 5 2 8 6 
10 CNOT 2 7 0 2 9 3 
11 H 1 2 1 0 
12 CNOT 2 4 3 2 0 3 
13 X 1 3 1 12 
14 H 1 7 1 5 
15 CNOT 2 1 2 2 5 7 
16 CNOT 2 7 5 2 9 14 
17 CNOT 2 5 7 1 16 
18 H 1 1 1 15 
19 H 1 4 1 12 
20 CNOT 2 4 5 2 17 19 
21 H 1 0 1 10 
22 X 1 5 1 20 
23 X 1 6 1 4 
24 H 1 3 1 13 
25 Y 1 7 1 44 
26 Y 1 0 1 21 
27 Y 1 3 1 24 
28 H 1 3 1 27 
29 X 1 1 1 18 
30 Y 1 7 1 17 
31 CNOT 2 5 3 2 28 22 
32 Y 1 3 1 31 
33 CNOT 2 6 0 2 26 23 
34 H 1 2 1 15 
35 X 1 6 1 33 
36 X 1 0 1 33 
37 CNOT 2 2 6 2 34 35 
38 H 1 2 1 37 
39 H 1 3 1 32 
40 X 1 5 1 31 
41 CNOT 2 2 6 2 37 38 
42 Y 1 7 1 30 
43 CNOT 2 6 3 2 41 39 
44 H 1 7 1 42 
45 X 1 6 1 43 
46 CNOT 2 2 0 2 41 36 
47 Y 1 4 1 20 
48 Y 1 1 1 29 
49 Y 1 2 1 107 
50 Y 1 0 1 102 
51 H 1 2 1 49 
52 X 1 7 1 25 
53 H 1 3 1 43 
54 H 1 4 1 47 
55 CNOT 2 6 3 2 45 53 
56 X 1 0 1 46 
57 CNOT 2 6 5 2 40 55 
58 H 1 6 1 57 
59 H 1 7 1 52 
60 CNOT 2 5 0 2 56 57 
61 CNOT 2 3 0 2 60 55 
62 X 1 2 1 46 
63 Y 1 2 1 62 
64 H 1 0 1 61 
65 X 1 7 1 59 
66 X 1 3 1 61 
67 H 1 7 1 65 
68 X 1 5 1 60 
69 H 1 6 1 58 
70 CNOT 2 5 7 2 67 68 
71 Y 1 1 1 48 
72 X 1 7 1 70 
73 Y 1 1 1 71 
74 Y 1 0 1 64 
75 H 1 6 1 69 
76 Y 1 3 1 66 
77 H 1 1 1 73 
78 X 1 4 1 54 
79 X 1 2 1 63 
80 X 1 4 1 78 
81 H 1 0 1 74 
82 H 1 0 1 81 
83 CNOT 2 6 2 2 75 79 
84 X 1 1 1 77 
85 X 1 6 1 83 
86 H 1 1 1 84 
87 CNOT 2 1 5 2 86 70 
88 CNOT 2 0 4 2 80 82 
89 Y 1 4 1 88 
90 H 1 3 1 76 
91 Y 1 6 1 85 
92 X 1 0 1 88 
93 Y 1 0 1 92 
94 H 1 4 1 89 
95 CNOT 2 2 6 2 91 83 
96 CNOT 2 7 6 2 72 95 
97 X 1 4 1 94 
98 CNOT 2 2 5 2 95 87 
99 Y 1 2 1 98 
100 H 1 2 1 99 
101 Y 1 3 1 90 
102 X 1 0 1 93 
103 CNOT 2 3 1 2 101 87 
104 X 1 6 1 96 
105 X 1 2 1 100 
106 X 1 1 1 103 
107 Y 1 2 1 105 
108 Y 1 6 1 104 
109 H 1 7 1 96 
110 Y 1 6 1 108 
111 H 1 0 1 50 
112 X 1 2 1 51 
113 Y 1 1 1 106 
114 Y 1 0 1 111 
115 H 1 2 1 112 
116 X 1 4 1 97 
