8 466
0 CNOT 2 7 0 0 
1 CNOT 2 5 7 1 0 
2 CNOT 2 5 2 2 8 1 
3 CNOT 2 4 0 1 9 
4 Y 1 5 1 10 
5 CNOT 2 0 4 1 3 
6 CNOT 2 0 5 2 2 5 
7 Y 1 1 0 
8 X 1 2 0 
9 X 1 0 1 0 
10 H 1 5 1 6 
11 H 1 2 1 2 
12 Y 1 3 0 
13 H 1 0 1 6 
14 H 1 0 1 13 
15 X 1 2 1 11 
16 Y 1 5 1 26 
17 H 1 0 1 14 
18 CNOT 2 0 5 2 17 4 
19 Y 1 4 1 5 
20 CNOT 2 0 5 1 18 
21 X 1 3 1 12 
22 H 1 7 1 1 
23 Y 1 1 1 7 
24 X 1 5 1 20 
25 CNOT 2 4 5 2 24 19 
26 CNOT 2 0 5 2 25 20 
27 X 1 3 1 21 
28 H 1 7 1 22 
29 Y 1 7 1 28 
30 CNOT 2 5 7 2 16 29 
31 H 1 5 1 30 
32 CNOT 2 2 4 2 25 15 
33 H 1 5 1 31 
34 X 1 4 1 32 
35 CNOT 2 5 2 2 32 33 
36 H 1 5 1 35 
37 CNOT 2 2 0 2 26 35 
38 Y 1 5 1 36 
39 X 1 2 1 37 
40 CNOT 2 4 6 1 34 
41 Y 1 4 1 40 
42 X 1 5 1 38 
43 H 1 5 1 42 
44 Y 1 5 1 43 
45 CNOT 2 7 2 2 30 39 
46 Y 1 5 1 44 
47 H 1 4 1 41 
48 CNOT 2 4 7 2 45 47 
49 H 1 0 1 93 
50 H 1 2 1 102 
51 Y 1 7 1 103 
52 CNOT 2 2 7 2 50 51 
53 CNOT 2 5 1 2 46 23 
54 X 1 4 1 48 
55 X 1 2 1 45 
56 X 1 5 1 53 
57 H 1 2 1 55 
58 X 1 5 1 56 
59 H 1 1 1 53 
60 CNOT 2 5 0 2 58 37 
61 H 1 6 1 40 
62 H 1 7 1 48 
63 CNOT 2 5 2 2 57 60 
64 H 1 5 1 63 
65 CNOT 2 0 2 2 60 63 
66 H 1 0 1 65 
67 CNOT 2 1 2 2 65 59 
68 X 1 5 1 64 
69 H 1 4 1 54 
70 H 1 5 1 68 
71 Y 1 5 1 70 
72 CNOT 2 7 0 2 66 62 
73 CNOT 2 7 5 2 72 71 
74 H 1 0 1 72 
75 H 1 7 1 73 
76 H 1 5 1 73 
77 CNOT 2 5 4 2 76 69 
78 H 1 0 1 74 
79 H 1 2 1 67 
80 X 1 0 1 78 
81 CNOT 2 7 5 2 75 77 
82 Y 1 0 1 80 
83 CNOT 2 5 4 2 81 77 
84 H 1 2 1 79 
85 H 1 5 1 83 
86 H 1 0 1 82 
87 X 1 7 1 81 
88 CNOT 2 2 5 2 84 85 
89 H 1 2 1 88 
90 CNOT 2 0 5 2 88 86 
91 Y 1 3 1 27 
92 H 1 5 1 90 
93 CNOT 2 5 0 2 90 92 
94 Y 1 5 1 93 
95 CNOT 2 7 2 2 89 87 
96 X 1 4 1 83 
97 CNOT 2 5 1 2 67 94 
98 CNOT 2 2 4 2 96 95 
99 Y 1 7 1 95 
100 CNOT 2 1 4 2 97 98 
101 Y 1 7 1 99 
102 CNOT 2 6 2 2 98 61 
103 X 1 7 1 101 
104 X 1 1 1 211 
105 CNOT 2 7 2 2 216 204 
106 X 1 0 1 212 
107 X 1 7 1 105 
108 CNOT 2 0 4 2 217 106 
109 X 1 0 1 108 
110 CNOT 2 2 7 2 105 107 
111 X 1 5 1 213 
112 Y 1 5 1 111 
113 CNOT 2 4 7 2 100 52 
114 X 1 5 1 97 
115 H 1 2 1 52 
116 H 1 5 1 114 
117 Y 1 5 1 116 
118 H 1 2 1 115 
119 H 1 4 1 113 
120 Y 1 0 1 49 
121 H 1 7 1 113 
122 H 1 4 1 119 
123 Y 1 5 1 117 
124 H 1 4 1 122 
125 X 1 2 1 118 
126 X 1 2 1 125 
127 CNOT 2 2 1 2 100 126 
128 X 1 5 1 123 
129 CNOT 2 2 5 2 128 127 
130 H 1 4 1 124 
131 X 1 7 1 121 
132 Y 1 0 1 120 
133 H 1 5 1 129 
134 H 1 4 1 130 
135 Y 1 5 1 133 
136 X 1 2 1 129 
137 Y 1 4 1 134 
138 CNOT 2 0 5 2 132 135 
139 CNOT 2 7 5 2 138 131 
140 Y 1 1 1 127 
141 X 1 0 1 138 
142 Y 1 5 1 139 
143 H 1 2 1 136 
144 H 1 5 1 142 
145 Y 1 0 1 141 
146 Y 1 1 1 140 
147 CNOT 2 0 5 2 144 145 
148 CNOT 2 5 0 1 147 
149 Y 1 0 1 148 
150 CNOT 2 2 5 2 148 143 
151 Y 1 0 1 149 
152 X 1 5 1 150 
153 X 1 5 1 152 
154 X 1 5 1 153 
155 CNOT 2 2 7 2 139 150 
156 X 1 0 1 151 
157 CNOT 2 2 4 2 137 155 
158 Y 1 5 1 154 
159 H 1 0 1 156 
160 CNOT 2 7 5 2 155 158 
161 X 1 5 1 160 
162 CNOT 2 5 4 2 161 157 
163 X 1 0 1 159 
164 H 1 0 1 163 
165 H 1 4 1 162 
166 CNOT 2 5 3 2 162 91 
167 X 1 5 1 166 
168 H 1 2 1 157 
169 X 1 4 1 165 
170 X 1 6 1 102 
171 Y 1 0 1 164 
172 X 1 5 1 167 
173 H 1 7 1 160 
174 H 1 7 1 173 
175 Y 1 7 1 174 
176 Y 1 5 1 172 
177 CNOT 2 7 4 2 169 175 
178 CNOT 2 5 4 2 176 177 
179 X 1 2 1 168 
180 X 1 4 1 178 
181 H 1 5 1 178 
182 X 1 2 1 179 
183 X 1 6 1 170 
184 Y 1 5 1 181 
185 X 1 5 1 184 
186 X 1 7 1 177 
187 X 1 0 1 171 
188 CNOT 2 5 4 2 185 180 
189 X 1 4 1 188 
190 X 1 2 1 182 
191 Y 1 4 1 189 
192 X 1 2 1 190 
193 Y 1 5 1 188 
194 H 1 4 1 191 
195 CNOT 2 5 2 2 192 193 
196 CNOT 2 5 0 2 187 195 
197 Y 1 4 1 194 
198 H 1 5 1 196 
199 Y 1 2 1 195 
200 X 1 2 1 199 
201 X 1 7 1 186 
202 H 1 0 1 196 
203 CNOT 2 2 0 2 200 202 
204 Y 1 7 1 201 
205 H 1 4 1 197 
206 X 1 5 1 198 
207 Y 1 2 1 203 
208 CNOT 2 2 4 2 205 207 
209 H 1 0 1 203 
210 X 1 2 1 208 
211 X 1 1 1 146 
212 Y 1 0 1 209 
213 X 1 5 1 206 
214 X 1 2 1 210 
215 X 1 4 1 208 
216 Y 1 2 1 214 
217 X 1 4 1 215 
218 CNOT 2 5 0 2 432 431 
219 X 1 5 1 218 
220 H 1 2 1 427 
221 CNOT 2 7 4 2 433 428 
222 X 1 2 1 220 
223 Y 1 7 1 221 
224 X 1 0 1 218 
225 Y 1 5 1 219 
226 X 1 4 1 221 
227 Y 1 5 1 225 
228 H 1 0 1 224 
229 H 1 5 1 227 
230 CNOT 2 4 2 2 108 110 
231 Y 1 4 1 230 
232 X 1 2 1 230 
233 X 1 4 1 231 
234 X 1 4 1 233 
235 CNOT 2 5 2 2 112 232 
236 H 1 0 1 109 
237 H 1 3 1 166 
238 H 1 0 1 236 
239 Y 1 7 1 110 
240 Y 1 5 1 235 
241 Y 1 5 1 240 
242 CNOT 2 5 2 2 241 235 
243 H 1 4 1 234 
244 X 1 2 1 242 
245 Y 1 7 1 239 
246 Y 1 7 1 245 
247 H 1 7 1 246 
248 H 1 5 1 242 
249 X 1 0 1 238 
250 Y 1 4 1 243 
251 X 1 2 1 244 
252 H 1 5 1 248 
253 CNOT 2 4 5 2 250 252 
254 CNOT 2 7 2 2 251 247 
255 CNOT 2 1 5 2 104 253 
256 H 1 1 1 255 
257 CNOT 2 5 7 2 254 255 
258 Y 1 0 1 249 
259 CNOT 2 5 4 2 257 253 
260 Y 1 5 1 259 
261 CNOT 2 5 0 2 258 260 
262 Y 1 7 1 257 
263 Y 1 4 1 259 
264 CNOT 2 5 0 1 261 
265 H 1 4 1 263 
266 CNOT 2 7 1 2 256 262 
267 CNOT 2 5 0 1 264 
268 X 1 5 1 267 
269 X 1 5 1 268 
270 H 1 0 1 267 
271 X 1 7 1 266 
272 H 1 2 1 254 
273 H 1 5 1 269 
274 Y 1 4 1 265 
275 Y 1 5 1 273 
276 H 1 5 1 275 
277 X 1 5 1 276 
278 Y 1 7 1 271 
279 Y 1 3 1 237 
280 X 1 5 1 277 
281 Y 1 4 1 274 
282 CNOT 2 5 2 2 272 280 
283 Y 1 5 1 282 
284 H 1 1 1 266 
285 Y 1 2 1 282 
286 X 1 3 1 279 
287 H 1 5 1 283 
288 X 1 5 1 287 
289 CNOT 2 7 0 2 278 270 
290 Y 1 2 1 285 
291 Y 1 5 1 288 
292 X 1 6 1 183 
293 X 1 2 1 290 
294 H 1 2 1 293 
295 CNOT 2 4 2 2 281 294 
296 H 1 0 1 289 
297 X 1 5 1 291 
298 Y 1 0 1 296 
299 H 1 7 1 289 
300 X 1 4 1 295 
301 H 1 5 1 297 
302 X 1 7 1 299 
303 X 1 2 1 295 
304 Y 1 5 1 301 
305 H 1 5 1 304 
306 X 1 0 1 298 
307 X 1 3 1 286 
308 X 1 4 1 300 
309 X 1 4 1 308 
310 H 1 5 1 305 
311 X 1 4 1 309 
312 H 1 2 1 303 
313 CNOT 2 2 0 2 312 306 
314 X 1 5 1 310 
315 H 1 0 1 313 
316 H 1 5 1 314 
317 H 1 5 1 316 
318 X 1 2 1 313 
319 Y 1 0 1 315 
320 X 1 2 1 318 
321 H 1 2 1 320 
322 CNOT 2 0 2 2 321 319 
323 X 1 0 1 322 
324 CNOT 2 7 5 2 317 302 
325 X 1 2 1 322 
326 H 1 1 1 284 
327 X 1 5 1 324 
328 H 1 0 1 323 
329 CNOT 2 7 5 2 324 327 
330 CNOT 2 5 4 2 329 311 
331 Y 1 2 1 325 
332 X 1 2 1 331 
333 H 1 5 1 330 
334 Y 1 7 1 329 
335 CNOT 2 4 5 2 330 333 
336 H 1 2 1 332 
337 H 1 5 1 335 
338 X 1 0 1 328 
339 X 1 7 1 334 
340 H 1 5 1 337 
341 X 1 2 1 336 
342 CNOT 2 4 5 2 340 335 
343 Y 1 4 1 342 
344 Y 1 5 1 342 
345 Y 1 5 1 344 
346 H 1 0 1 338 
347 Y 1 0 1 346 
348 X 1 7 1 339 
349 X 1 5 1 345 
350 X 1 5 1 349 
351 Y 1 7 1 348 
352 H 1 5 1 350 
353 X 1 4 1 343 
354 Y 1 4 1 353 
355 Y 1 4 1 354 
356 H 1 2 1 341 
357 X 1 0 1 347 
358 CNOT 2 0 2 2 356 357 
359 Y 1 7 1 351 
360 X 1 7 1 359 
361 H 1 1 1 326 
362 CNOT 2 7 0 2 360 358 
363 Y 1 7 1 362 
364 CNOT 2 7 0 2 362 363 
365 CNOT 2 4 5 2 352 355 
366 X 1 4 1 365 
367 H 1 1 1 361 
368 X 1 4 1 366 
369 X 1 5 1 365 
370 X 1 5 1 369 
371 H 1 2 1 358 
372 Y 1 5 1 370 
373 CNOT 2 0 5 2 372 364 
374 Y 1 5 1 373 
375 Y 1 5 1 374 
376 H 1 4 1 368 
377 Y 1 5 1 375 
378 Y 1 7 1 364 
379 CNOT 2 4 7 2 376 378 
380 CNOT 2 4 3 2 379 307 
381 H 1 5 1 377 
382 H 1 7 1 379 
383 H 1 5 1 381 
384 CNOT 2 0 7 2 373 382 
385 Y 1 7 1 384 
386 H 1 5 1 383 
387 Y 1 7 1 385 
388 CNOT 2 4 5 2 386 380 
389 X 1 0 1 384 
390 X 1 0 1 389 
391 CNOT 2 6 7 2 387 292 
392 X 1 7 1 391 
393 H 1 2 1 371 
394 X 1 4 1 388 
395 X 1 5 1 388 
396 CNOT 2 5 4 2 394 395 
397 X 1 2 1 393 
398 Y 1 7 1 392 
399 CNOT 2 5 7 2 396 398 
400 X 1 5 1 399 
401 Y 1 2 1 397 
402 Y 1 5 1 400 
403 H 1 0 1 390 
404 CNOT 2 7 5 2 402 399 
405 H 1 7 1 404 
406 X 1 1 1 367 
407 H 1 5 1 404 
408 H 1 2 1 401 
409 Y 1 5 1 407 
410 Y 1 0 1 403 
411 CNOT 2 5 7 2 409 405 
412 H 1 2 1 408 
413 Y 1 5 1 411 
414 H 1 0 1 410 
415 H 1 5 1 413 
416 Y 1 4 1 396 
417 Y 1 2 1 412 
418 X 1 5 1 415 
419 H 1 2 1 417 
420 H 1 4 1 416 
421 H 1 4 1 420 
422 CNOT 2 2 4 2 419 421 
423 X 1 4 1 422 
424 H 1 0 1 414 
425 X 1 4 1 423 
426 X 1 4 1 425 
427 H 1 2 1 422 
428 X 1 7 1 411 
429 X 1 5 1 418 
430 H 1 5 1 429 
431 Y 1 5 1 430 
432 Y 1 0 1 424 
433 Y 1 4 1 426 
434 X 1 3 1 380 
435 H 1 0 1 228 
436 X 1 5 1 229 
437 Y 1 2 1 222 
438 CNOT 2 5 0 2 435 436 
439 H 1 0 1 438 
440 CNOT 2 5 7 2 438 223 
441 H 1 7 1 440 
442 CNOT 2 1 2 2 437 406 
443 Y 1 5 1 440 
444 Y 1 7 1 441 
445 Y 1 5 1 443 
446 CNOT 2 2 5 2 442 445 
447 Y 1 5 1 446 
448 H 1 5 1 447 
449 CNOT 2 2 5 2 448 446 
450 Y 1 5 1 449 
451 X 1 2 1 449 
452 CNOT 2 2 7 2 451 444 
453 H 1 5 1 450 
454 CNOT 2 4 0 2 226 439 
455 CNOT 2 4 5 2 453 454 
456 H 1 5 1 455 
457 CNOT 2 1 5 2 456 442 
458 CNOT 2 5 7 2 457 452 
459 H 1 7 1 458 
460 Y 1 2 1 452 
461 CNOT 2 5 7 2 458 459 
462 Y 1 5 1 461 
463 H 1 1 1 457 
464 Y 1 7 1 461 
465 CNOT 2 5 6 2 462 391 
