32 107
0 X 1 27 0 
1 CNOT 2 26 24 0 
2 CNOT 2 2 26 1 1 
3 X 1 22 0 
4 X 1 4 0 
5 X 1 23 0 
6 CNOT 2 26 9 1 2 
7 Y 1 4 1 4 
8 Y 1 19 0 
9 H 1 6 0 
10 Y 1 12 0 
11 X 1 26 1 6 
12 H 1 23 1 5 
13 X 1 18 0 
14 H 1 6 1 9 
15 Y 1 6 1 14 
16 H 1 24 1 1 
17 Y 1 12 1 10 
18 X 1 30 0 
19 Y 1 5 0 
20 H 1 7 0 
21 H 1 12 1 33 
22 Y 1 14 0 
23 X 1 23 1 12 
24 H 1 22 1 3 
25 Y 1 15 0 
26 X 1 15 1 25 
27 Y 1 7 1 20 
28 Y 1 25 0 
29 CNOT 2 15 10 1 26 
30 CNOT 2 12 26 2 17 11 
31 X 1 17 0 
32 Y 1 11 0 
33 CNOT 2 19 12 2 8 30 
34 Y 1 0 0 
35 X 1 9 1 6 
36 CNOT 2 24 1 1 16 
37 Y 1 20 0 
38 H 1 17 1 31 
39 H 1 9 1 35 
40 Y 1 28 0 
41 Y 1 31 0 
42 X 1 18 1 13 
43 H 1 28 1 40 
44 Y 1 26 1 30 
45 H 1 16 0 
46 X 1 4 1 7 
47 Y 1 3 0 
48 CNOT 2 4 27 2 0 46 
49 CNOT 2 10 31 2 41 81 
50 Y 1 7 1 73 
51 X 1 30 1 18 
52 H 1 0 1 34 
53 CNOT 2 3 5 2 19 47 
54 H 1 24 1 36 
55 H 1 11 1 32 
56 CNOT 2 0 23 2 52 23 
57 X 1 14 1 22 
58 X 1 28 1 43 
59 CNOT 2 9 0 2 56 39 
60 X 1 25 1 28 
61 CNOT 2 0 2 2 2 59 
62 Y 1 17 1 38 
63 X 1 18 1 42 
64 CNOT 2 11 5 2 53 55 
65 H 1 1 1 36 
66 CNOT 2 19 11 2 64 33 
67 X 1 4 1 48 
68 Y 1 22 1 24 
69 CNOT 2 21 2 1 61 
70 H 1 25 1 60 
71 CNOT 2 5 7 2 64 27 
72 X 1 18 1 63 
73 H 1 7 1 71 
74 H 1 11 1 66 
75 X 1 20 1 37 
76 CNOT 2 29 25 1 70 
77 Y 1 2 1 69 
78 H 1 10 1 29 
79 X 1 25 1 76 
80 Y 1 22 1 68 
81 Y 1 10 1 78 
82 Y 1 18 1 72 
83 X 1 15 1 29 
84 Y 1 26 1 44 
85 H 1 19 1 66 
86 CNOT 2 4 30 2 67 51 
87 X 1 13 0 
88 H 1 25 1 79 
89 H 1 19 1 85 
90 X 1 28 1 58 
91 Y 1 22 1 80 
92 Y 1 18 1 82 
93 Y 1 11 1 74 
94 H 1 21 1 69 
95 X 1 12 1 21 
96 H 1 15 1 83 
97 CNOT 2 24 29 2 76 54 
98 CNOT 2 1 20 2 65 75 
99 X 1 16 1 45 
100 Y 1 18 1 92 
101 X 1 3 1 53 
102 H 1 26 1 84 
103 H 1 12 1 95 
104 CNOT 2 22 6 2 91 15 
105 CNOT 2 24 22 2 104 97 
106 H 1 8 0 
