32 106
0 H 1 15 0 
1 CNOT 2 6 0 1 3 
2 CNOT 2 15 17 1 0 
3 CNOT 2 6 11 0 
4 X 1 25 0 
5 Y 1 7 0 
6 Y 1 17 1 2 
7 H 1 17 1 6 
8 H 1 5 0 
9 CNOT 2 13 3 0 
10 X 1 10 1 13 
11 X 1 3 1 9 
12 X 1 5 1 8 
13 X 1 10 0 
14 CNOT 2 31 26 0 
15 Y 1 1 0 
16 Y 1 14 0 
17 X 1 11 1 3 
18 X 1 22 0 
19 Y 1 8 0 
20 H 1 6 1 1 
21 X 1 20 0 
22 CNOT 2 31 4 1 14 
23 H 1 23 0 
24 CNOT 2 20 16 2 44 21 
25 Y 1 4 1 22 
26 H 1 10 1 10 
27 Y 1 26 1 14 
28 H 1 24 0 
29 H 1 6 1 20 
30 CNOT 2 19 4 1 25 
31 X 1 11 1 17 
32 Y 1 10 1 26 
33 Y 1 1 1 15 
34 Y 1 21 0 
35 CNOT 2 27 5 1 12 
36 X 1 28 0 
37 CNOT 2 9 16 0 
38 Y 1 27 1 35 
39 Y 1 18 0 
40 CNOT 2 19 24 2 28 30 
41 Y 1 21 1 34 
42 X 1 31 1 22 
43 CNOT 2 24 23 2 40 23 
44 CNOT 2 9 16 1 37 
45 X 1 1 1 33 
46 H 1 12 1 61 
47 H 1 5 1 87 
48 H 1 20 1 24 
49 Y 1 5 1 35 
50 CNOT 2 9 3 2 11 44 
51 H 1 1 1 45 
52 X 1 15 1 2 
53 Y 1 0 1 1 
54 H 1 18 1 39 
55 Y 1 2 0 
56 X 1 13 1 9 
57 Y 1 29 0 
58 CNOT 2 7 8 2 19 5 
59 Y 1 24 1 43 
60 Y 1 15 1 52 
61 CNOT 2 12 2 1 55 
62 X 1 15 1 60 
63 X 1 9 1 50 
64 CNOT 2 4 7 2 58 30 
65 X 1 1 1 51 
66 X 1 21 1 41 
67 H 1 5 1 49 
68 Y 1 11 1 31 
69 CNOT 2 5 8 2 58 67 
70 X 1 23 1 43 
71 Y 1 5 1 69 
72 CNOT 2 20 15 2 48 62 
73 X 1 14 1 16 
74 H 1 23 1 70 
75 X 1 18 1 54 
76 Y 1 25 1 4 
77 Y 1 31 1 42 
78 H 1 0 1 53 
79 Y 1 22 1 18 
80 H 1 30 0 
81 X 1 14 1 73 
82 X 1 31 1 77 
83 X 1 0 1 78 
84 Y 1 29 1 57 
85 H 1 9 1 63 
86 Y 1 2 1 61 
87 X 1 5 1 71 
88 H 1 3 1 50 
89 H 1 20 1 72 
90 X 1 2 1 86 
91 H 1 30 1 80 
92 X 1 31 1 82 
93 X 1 25 1 76 
94 Y 1 11 1 68 
95 X 1 26 1 27 
96 CNOT 2 21 8 2 66 69 
97 H 1 6 1 29 
98 X 1 26 1 95 
99 CNOT 2 0 7 2 64 83 
100 X 1 0 1 99 
101 H 1 25 1 93 
102 Y 1 14 1 81 
103 X 1 6 1 97 
104 CNOT 2 20 23 2 89 74 
105 H 1 27 1 38 
