58 466
0 X 1 34 0 
1 H 1 8 0 
2 Y 1 7 0 
3 Y 1 11 0 
4 H 1 48 0 
5 X 1 4 0 
6 H 1 23 0 
7 X 1 12 0 
8 H 1 29 0 
9 CNOT 2 45 22 0 
10 Y 1 57 0 
11 CNOT 2 32 57 1 10 
12 Y 1 54 0 
13 Y 1 8 1 27 
14 H 1 12 1 59 
15 Y 1 50 0 
16 H 1 29 1 8 
17 CNOT 2 7 27 1 2 
18 Y 1 16 0 
19 CNOT 2 57 16 2 18 11 
20 Y 1 15 0 
21 X 1 22 1 9 
22 H 1 0 0 
23 CNOT 2 25 0 1 22 
24 X 1 6 0 
25 CNOT 2 0 14 2 43 45 
26 H 1 22 1 21 
27 X 1 8 1 43 
28 Y 1 10 0 
29 X 1 33 0 
30 X 1 18 0 
31 H 1 12 1 7 
32 CNOT 2 40 33 1 29 
33 H 1 47 0 
34 X 1 48 1 4 
35 H 1 48 1 34 
36 H 1 8 1 1 
37 X 1 8 1 36 
38 X 1 31 0 
39 X 1 18 1 30 
40 X 1 45 1 9 
41 CNOT 2 12 32 2 11 31 
42 H 1 29 1 16 
43 CNOT 2 14 8 1 37 
44 CNOT 2 0 37 1 23 
45 X 1 0 1 44 
46 X 1 44 0 
47 CNOT 2 12 16 2 41 19 
48 X 1 15 1 20 
49 Y 1 18 1 39 
50 X 1 53 0 
51 Y 1 44 1 46 
52 H 1 53 1 50 
53 X 1 33 1 101 
54 Y 1 15 1 48 
55 H 1 12 1 82 
56 CNOT 2 0 18 2 97 74 
57 X 1 34 1 0 
58 CNOT 2 12 19 1 47 
59 X 1 12 1 58 
60 CNOT 2 0 19 2 25 58 
61 H 1 55 0 
62 Y 1 16 1 47 
63 H 1 31 1 38 
64 H 1 17 0 
65 X 1 44 1 51 
66 H 1 1 0 
67 X 1 23 1 6 
68 Y 1 18 1 49 
69 CNOT 2 37 18 2 68 44 
70 CNOT 2 53 1 2 66 52 
71 X 1 7 1 17 
72 CNOT 2 50 53 2 70 15 
73 CNOT 2 18 2 1 69 
74 X 1 0 1 60 
75 CNOT 2 40 47 2 32 33 
76 Y 1 37 1 69 
77 CNOT 2 18 45 2 40 73 
78 X 1 53 1 72 
79 Y 1 31 1 63 
80 CNOT 2 48 44 2 65 35 
81 X 1 37 1 76 
82 CNOT 2 12 56 1 14 
83 CNOT 2 22 25 2 26 23 
84 H 1 37 1 81 
85 Y 1 16 1 62 
86 CNOT 2 29 8 2 42 13 
87 X 1 18 1 77 
88 H 1 39 0 
89 H 1 4 1 5 
90 H 1 46 0 
91 CNOT 2 50 40 2 72 75 
92 X 1 33 1 32 
93 Y 1 37 1 84 
94 Y 1 29 1 86 
95 Y 1 52 0 
96 CNOT 2 22 14 2 25 83 
97 CNOT 2 18 53 2 78 87 
98 X 1 29 1 94 
99 H 1 22 1 96 
100 H 1 25 1 83 
101 H 1 33 1 92 
102 H 1 50 1 91 
103 H 1 39 1 158 
104 CNOT 2 8 14 2 96 181 
105 Y 1 3 1 182 
106 X 1 44 1 198 
107 X 1 40 1 180 
108 CNOT 2 0 4 2 202 124 
109 Y 1 18 1 206 
110 CNOT 2 45 57 2 19 77 
111 Y 1 8 1 86 
112 X 1 27 1 17 
113 X 1 16 1 85 
114 CNOT 2 53 19 2 97 60 
115 CNOT 2 0 33 2 56 53 
116 Y 1 23 1 67 
117 X 1 3 0 
118 X 1 40 1 91 
119 X 1 56 1 82 
120 H 1 5 0 
121 CNOT 2 33 12 2 115 55 
122 CNOT 2 8 31 2 111 79 
123 Y 1 36 0 
124 X 1 4 1 89 
125 Y 1 16 1 113 
126 CNOT 2 19 47 2 114 75 
127 X 1 34 1 57 
128 Y 1 39 1 88 
129 H 1 45 1 110 
130 H 1 53 1 114 
131 X 1 29 1 98 
132 H 1 47 1 126 
133 H 1 56 1 119 
134 X 1 37 1 93 
135 X 1 29 1 131 
136 CNOT 2 12 33 1 121 
137 X 1 57 1 110 
138 H 1 40 1 118 
139 CNOT 2 37 29 2 134 135 
140 CNOT 2 54 8 2 122 12 
141 Y 1 50 1 102 
142 Y 1 7 1 71 
143 CNOT 2 41 25 1 100 
144 X 1 36 1 123 
145 Y 1 46 1 90 
146 X 1 8 1 140 
147 X 1 10 1 28 
148 H 1 8 1 146 
149 Y 1 40 1 138 
150 H 1 21 0 
151 H 1 51 0 
152 H 1 5 1 120 
153 Y 1 50 1 141 
154 Y 1 29 1 139 
155 Y 1 44 1 80 
156 H 1 33 1 136 
157 CNOT 2 57 16 2 137 125 
158 CNOT 2 39 18 2 56 128 
159 CNOT 2 23 52 2 116 95 
160 X 1 6 1 24 
161 H 1 5 1 152 
162 H 1 47 1 132 
163 X 1 26 0 
164 H 1 18 1 158 
165 X 1 50 1 153 
166 H 1 1 1 70 
167 H 1 23 1 159 
168 H 1 48 1 80 
169 Y 1 34 1 127 
170 H 1 0 1 115 
171 CNOT 2 21 13 1 150 
172 X 1 45 1 129 
173 CNOT 2 0 15 2 170 54 
174 H 1 0 1 173 
175 H 1 18 1 164 
176 X 1 23 1 167 
177 Y 1 22 1 99 
178 Y 1 16 1 157 
179 H 1 46 1 145 
180 Y 1 40 1 149 
181 X 1 8 1 148 
182 CNOT 2 0 3 2 117 174 
183 X 1 18 1 175 
184 Y 1 15 1 173 
185 Y 1 53 1 130 
186 H 1 57 1 157 
187 H 1 53 1 185 
188 X 1 53 1 187 
189 H 1 21 1 171 
190 X 1 43 0 
191 Y 1 48 1 168 
192 X 1 21 1 189 
193 CNOT 2 56 19 2 133 126 
194 X 1 37 1 139 
195 H 1 29 1 154 
196 CNOT 2 18 30 1 183 
197 H 1 25 1 143 
198 H 1 44 1 155 
199 X 1 1 1 166 
200 X 1 45 1 172 
201 X 1 50 1 165 
202 CNOT 2 12 0 2 136 182 
203 H 1 31 1 122 
204 Y 1 31 1 203 
205 X 1 23 1 176 
206 X 1 18 1 196 
207 X 1 10 1 147 
208 CNOT 2 31 5 2 161 204 
209 X 1 33 1 156 
210 Y 1 45 1 200 
211 CNOT 2 37 5 2 356 415 
212 Y 1 31 1 409 
213 Y 1 9 1 236 
214 X 1 46 1 414 
215 CNOT 2 8 7 2 412 422 
216 CNOT 2 0 36 2 420 421 
217 H 1 33 1 396 
218 Y 1 22 1 421 
219 Y 1 23 1 416 
220 Y 1 44 1 419 
221 Y 1 18 1 109 
222 H 1 39 1 103 
223 CNOT 2 35 50 1 201 
224 X 1 0 1 108 
225 Y 1 46 1 179 
226 Y 1 16 1 178 
227 X 1 25 1 197 
228 Y 1 4 1 108 
229 X 1 5 1 208 
230 CNOT 2 48 45 2 210 191 
231 CNOT 2 0 29 2 224 195 
232 H 1 0 1 231 
233 Y 1 44 1 106 
234 CNOT 2 42 16 1 226 
235 CNOT 2 14 18 2 104 221 
236 Y 1 9 0 
237 CNOT 2 10 48 2 230 207 
238 X 1 56 1 193 
239 X 1 16 1 234 
240 X 1 46 1 225 
241 CNOT 2 31 23 2 208 205 
242 H 1 18 1 235 
243 H 1 37 1 194 
244 CNOT 2 13 23 2 241 171 
245 H 1 25 1 227 
246 CNOT 2 8 0 2 104 232 
247 H 1 50 1 223 
248 CNOT 2 31 19 2 193 241 
249 Y 1 50 1 247 
250 X 1 5 1 229 
251 CNOT 2 47 16 2 162 239 
252 CNOT 2 23 24 1 244 
253 H 1 50 1 249 
254 CNOT 2 55 53 2 188 61 
255 CNOT 2 16 53 2 251 254 
256 CNOT 2 43 31 2 248 190 
257 H 1 50 1 253 
258 CNOT 2 10 1 2 237 199 
259 H 1 0 1 246 
260 Y 1 50 1 257 
261 Y 1 16 1 255 
262 X 1 27 1 112 
263 CNOT 2 25 1 2 258 245 
264 Y 1 44 1 233 
265 X 1 1 1 263 
266 CNOT 2 8 50 2 260 246 
267 Y 1 8 1 266 
268 Y 1 18 1 242 
269 X 1 53 1 255 
270 H 1 16 1 261 
271 X 1 0 1 259 
272 Y 1 15 1 184 
273 H 1 44 1 264 
274 Y 1 53 1 269 
275 CNOT 2 12 52 2 202 159 
276 Y 1 57 1 186 
277 Y 1 50 1 266 
278 CNOT 2 8 16 2 267 270 
279 Y 1 45 1 230 
280 Y 1 12 1 275 
281 Y 1 22 1 177 
282 H 1 45 1 279 
283 CNOT 2 35 1 2 265 223 
284 Y 1 44 1 273 
285 CNOT 2 16 25 2 278 263 
286 H 1 7 1 142 
287 Y 1 44 1 284 
288 X 1 8 1 278 
289 Y 1 2 1 73 
290 X 1 47 1 251 
291 Y 1 37 1 243 
292 H 1 18 1 268 
293 X 1 41 1 143 
294 H 1 7 1 286 
295 H 1 8 1 288 
296 CNOT 2 5 18 2 250 292 
297 Y 1 18 1 296 
298 X 1 34 1 169 
299 H 1 50 1 277 
300 X 1 8 1 295 
301 CNOT 2 23 12 2 280 252 
302 X 1 45 1 282 
303 CNOT 2 0 16 2 285 271 
304 CNOT 2 36 18 2 144 297 
305 X 1 52 1 275 
306 H 1 53 1 274 
307 X 1 29 1 231 
308 CNOT 2 29 4 2 307 228 
309 CNOT 2 4 50 2 299 308 
310 Y 1 45 1 302 
311 CNOT 2 53 28 1 306 
312 H 1 1 1 283 
313 X 1 25 1 285 
314 X 1 48 1 237 
315 H 1 7 1 294 
316 H 1 8 1 300 
317 Y 1 40 1 107 
318 CNOT 2 28 33 2 209 311 
319 X 1 48 1 314 
320 H 1 50 1 309 
321 X 1 0 1 303 
322 H 1 31 1 256 
323 H 1 30 1 196 
324 H 1 16 1 303 
325 X 1 12 1 301 
326 H 1 43 1 256 
327 CNOT 2 0 8 2 321 316 
328 CNOT 2 50 48 2 320 319 
329 X 1 31 1 322 
330 H 1 57 1 276 
331 X 1 14 1 235 
332 H 1 31 1 329 
333 X 1 1 1 312 
334 CNOT 2 40 6 2 160 317 
335 CNOT 2 2 43 2 289 326 
336 H 1 25 1 313 
337 H 1 29 1 308 
338 CNOT 2 12 8 2 325 327 
339 H 1 37 1 291 
340 X 1 45 1 310 
341 H 1 0 1 327 
342 CNOT 2 31 16 2 332 324 
343 CNOT 2 22 16 2 281 342 
344 X 1 56 1 238 
345 X 1 18 1 304 
346 CNOT 2 0 57 2 330 341 
347 CNOT 2 0 35 2 346 283 
348 Y 1 44 1 287 
349 Y 1 22 1 343 
350 H 1 23 1 301 
351 H 1 53 1 311 
352 CNOT 2 45 16 2 340 343 
353 CNOT 2 35 0 1 347 
354 H 1 5 1 296 
355 H 1 40 1 334 
356 Y 1 37 1 339 
357 Y 1 40 1 355 
358 Y 1 16 1 352 
359 Y 1 53 1 351 
360 Y 1 23 1 350 
361 H 1 0 1 353 
362 H 1 43 1 335 
363 CNOT 2 1 25 2 336 333 
364 X 1 23 1 360 
365 H 1 45 1 352 
366 CNOT 2 16 53 2 358 359 
367 H 1 40 1 357 
368 Y 1 29 1 337 
369 X 1 8 1 338 
370 Y 1 22 1 349 
371 CNOT 2 50 12 2 328 338 
372 CNOT 2 1 29 2 368 363 
373 H 1 41 1 293 
374 H 1 44 1 348 
375 Y 1 14 1 331 
376 X 1 25 1 363 
377 CNOT 2 23 50 2 371 364 
378 H 1 34 1 298 
379 Y 1 26 1 163 
380 H 1 47 1 290 
381 Y 1 57 1 346 
382 CNOT 2 44 12 2 371 374 
383 H 1 12 1 382 
384 CNOT 2 31 10 2 258 342 
385 Y 1 0 1 361 
386 X 1 14 1 375 
387 X 1 53 1 366 
388 CNOT 2 49 29 1 372 
389 X 1 31 1 384 
390 Y 1 25 1 376 
391 CNOT 2 23 0 2 377 385 
392 CNOT 2 49 23 2 388 391 
393 H 1 27 1 262 
394 H 1 16 1 366 
395 CNOT 2 4 57 2 309 381 
396 CNOT 2 33 8 2 369 318 
397 X 1 57 1 395 
398 X 1 53 1 387 
399 X 1 18 1 345 
400 X 1 8 1 396 
401 H 1 16 1 394 
402 H 1 16 1 401 
403 X 1 3 1 105 
404 Y 1 0 1 391 
405 CNOT 2 44 50 2 377 382 
406 CNOT 2 8 16 2 400 402 
407 CNOT 2 50 25 2 405 390 
408 X 1 50 1 407 
409 Y 1 31 1 389 
410 CNOT 2 1 8 2 372 406 
411 H 1 1 1 410 
412 CNOT 2 7 19 2 248 315 
413 Y 1 0 1 404 
414 X 1 46 1 240 
415 CNOT 2 53 5 2 354 398 
416 Y 1 23 1 392 
417 Y 1 18 1 399 
418 H 1 8 1 410 
419 X 1 44 1 405 
420 Y 1 0 1 413 
421 CNOT 2 22 36 2 304 370 
422 Y 1 8 1 418 
423 Y 1 45 1 365 
424 H 1 29 1 388 
425 Y 1 45 1 423 
426 X 1 45 1 425 
427 X 1 37 1 211 
428 X 1 35 1 353 
429 X 1 49 1 392 
430 CNOT 2 50 33 2 408 217 
431 CNOT 2 35 20 1 428 
432 X 1 33 1 430 
433 CNOT 2 5 29 2 424 211 
434 X 1 52 1 305 
435 Y 1 5 1 433 
436 CNOT 2 38 22 1 218 
437 X 1 19 1 412 
438 Y 1 8 1 215 
439 CNOT 2 19 50 2 437 430 
440 X 1 8 1 438 
441 CNOT 2 44 57 2 220 397 
442 Y 1 18 1 417 
443 Y 1 48 1 328 
444 H 1 31 1 212 
445 H 1 31 1 444 
446 X 1 4 1 395 
447 CNOT 2 1 33 2 432 411 
448 H 1 8 1 440 
449 H 1 45 1 426 
450 Y 1 53 1 415 
451 Y 1 17 1 64 
452 X 1 10 1 384 
453 Y 1 8 1 448 
454 Y 1 50 1 439 
455 H 1 37 1 427 
456 CNOT 2 6 8 2 453 334 
457 X 1 27 1 393 
458 X 1 22 1 436 
459 Y 1 16 1 406 
460 H 1 27 1 457 
461 Y 1 19 1 439 
462 CNOT 2 33 14 2 386 447 
463 CNOT 2 8 47 2 456 380 
464 H 1 5 1 435 
465 H 1 5 1 464 
