128 603
0 Y 1 86 0 
1 H 1 10 0 
2 Y 1 26 0 
3 H 1 76 1 6 
4 Y 1 80 0 
5 Y 1 43 0 
6 X 1 76 0 
7 Y 1 91 0 
8 CNOT 2 92 57 0 
9 H 1 101 0 
10 H 1 89 0 
11 Y 1 99 0 
12 CNOT 2 110 120 0 
13 Y 1 86 1 0 
14 X 1 60 0 
15 X 1 54 0 
16 H 1 23 0 
17 CNOT 2 46 55 0 
18 H 1 11 0 
19 Y 1 60 1 14 
20 CNOT 2 19 32 0 
21 X 1 42 0 
22 CNOT 2 13 67 0 
23 Y 1 97 0 
24 CNOT 2 123 13 1 22 
25 X 1 8 0 
26 CNOT 2 7 101 1 9 
27 H 1 118 1 67 
28 Y 1 111 0 
29 H 1 116 1 31 
30 Y 1 58 0 
31 Y 1 116 1 43 
32 CNOT 2 50 82 0 
33 X 1 21 0 
34 H 1 53 0 
35 X 1 82 1 32 
36 Y 1 106 0 
37 H 1 119 0 
38 H 1 29 0 
39 X 1 96 0 
40 CNOT 2 96 76 2 3 39 
41 X 1 53 1 34 
42 Y 1 21 1 33 
43 Y 1 116 0 
44 Y 1 124 0 
45 H 1 104 0 
46 CNOT 2 93 125 0 
47 CNOT 2 57 41 1 8 
48 CNOT 2 25 74 0 
49 CNOT 2 1 109 0 
50 H 1 27 0 
51 X 1 31 0 
52 CNOT 2 103 45 0 
53 H 1 49 0 
54 Y 1 47 0 
55 CNOT 2 102 87 0 
56 H 1 85 0 
57 H 1 56 0 
58 Y 1 61 0 
59 H 1 55 1 17 
60 H 1 3 0 
61 H 1 39 0 
62 CNOT 2 4 115 0 
63 X 1 96 1 40 
64 H 1 52 0 
65 H 1 127 0 
66 H 1 108 0 
67 X 1 118 0 
68 Y 1 105 0 
69 CNOT 2 92 98 1 8 
70 Y 1 98 1 69 
71 CNOT 2 10 61 2 1 58 
72 CNOT 2 78 59 0 
73 Y 1 1 1 49 
74 CNOT 2 68 19 1 20 
75 Y 1 57 1 47 
76 X 1 55 1 59 
77 H 1 56 1 57 
78 X 1 78 1 72 
79 Y 1 0 0 
80 X 1 6 0 
81 H 1 100 0 
82 CNOT 2 101 59 2 72 26 
83 X 1 10 1 71 
84 Y 1 15 0 
85 CNOT 2 24 96 1 63 
86 CNOT 2 30 6 1 80 
87 H 1 96 1 85 
88 Y 1 92 1 69 
89 X 1 56 1 77 
90 X 1 107 0 
91 X 1 62 0 
92 H 1 92 1 88 
93 CNOT 2 58 106 2 36 30 
94 H 1 83 0 
95 H 1 101 1 82 
96 H 1 88 0 
97 CNOT 2 33 21 1 42 
98 CNOT 2 115 63 1 62 
99 CNOT 2 103 53 2 41 52 
100 H 1 19 1 74 
101 H 1 59 1 82 
102 CNOT 2 63 21 2 97 98 
103 Y 1 125 1 46 
104 Y 1 63 1 102 
105 CNOT 2 118 53 2 99 27 
106 H 1 73 0 
107 X 1 17 0 
108 H 1 100 1 81 
109 H 1 110 1 199 
110 Y 1 82 1 213 
111 Y 1 23 1 16 
112 Y 1 87 1 113 
113 CNOT 2 41 87 2 55 47 
114 X 1 85 1 56 
115 Y 1 108 1 66 
116 H 1 37 0 
117 X 1 106 1 93 
118 H 1 98 1 70 
119 X 1 113 0 
120 X 1 64 0 
121 X 1 24 1 85 
122 Y 1 97 1 23 
123 Y 1 32 1 20 
124 X 1 75 0 
125 H 1 85 1 114 
126 H 1 119 1 37 
127 X 1 98 1 118 
128 Y 1 106 1 117 
129 H 1 58 1 93 
130 H 1 54 1 15 
131 H 1 40 0 
132 H 1 29 1 38 
133 X 1 71 0 
134 CNOT 2 98 80 2 4 127 
135 X 1 8 1 25 
136 X 1 21 1 102 
137 CNOT 2 39 62 2 91 61 
138 CNOT 2 49 1 2 73 53 
139 Y 1 48 0 
140 X 1 3 1 60 
141 X 1 113 1 119 
142 H 1 111 1 28 
143 CNOT 2 106 26 2 128 2 
144 H 1 124 1 44 
145 X 1 96 1 87 
146 CNOT 2 99 88 2 96 11 
147 Y 1 18 0 
148 CNOT 2 121 13 1 24 
149 H 1 71 1 133 
150 Y 1 32 1 123 
151 Y 1 102 1 55 
152 CNOT 2 30 86 2 13 86 
153 Y 1 109 1 49 
154 H 1 96 1 145 
155 X 1 0 1 79 
156 CNOT 2 31 93 2 51 46 
157 CNOT 2 81 72 0 
158 Y 1 20 0 
159 H 1 55 1 76 
160 H 1 89 1 10 
161 Y 1 11 1 18 
162 Y 1 94 0 
163 H 1 20 1 158 
164 CNOT 2 10 34 1 83 
165 CNOT 2 37 95 1 116 
166 Y 1 35 0 
167 X 1 92 1 92 
168 X 1 60 1 19 
169 CNOT 2 33 124 2 144 97 
170 H 1 4 1 62 
171 CNOT 2 125 34 2 164 103 
172 CNOT 2 124 101 2 169 95 
173 CNOT 2 97 53 2 105 122 
174 Y 1 15 1 84 
175 X 1 110 1 12 
176 Y 1 72 1 157 
177 Y 1 43 1 5 
178 H 1 43 1 177 
179 H 1 56 1 89 
180 H 1 41 1 113 
181 X 1 122 0 
182 CNOT 2 33 108 2 169 115 
183 X 1 43 1 178 
184 X 1 41 1 180 
185 X 1 115 1 98 
186 H 1 117 0 
187 X 1 69 0 
188 X 1 111 1 142 
189 H 1 20 1 163 
190 Y 1 10 1 164 
191 Y 1 4 1 170 
192 Y 1 40 1 131 
193 Y 1 24 1 121 
194 CNOT 2 67 41 2 184 22 
195 CNOT 2 81 62 2 137 157 
196 X 1 19 1 100 
197 H 1 95 1 165 
198 CNOT 2 97 96 2 154 173 
199 CNOT 2 110 26 2 175 143 
200 CNOT 2 76 29 2 40 132 
201 CNOT 2 120 89 2 160 12 
202 Y 1 85 1 125 
203 CNOT 2 36 20 1 189 
204 CNOT 2 19 47 2 196 54 
205 H 1 70 0 
206 CNOT 2 18 69 2 147 187 
207 CNOT 2 42 39 2 137 21 
208 CNOT 2 94 34 2 162 171 
209 X 1 41 1 194 
210 H 1 122 1 181 
211 X 1 121 1 148 
212 Y 1 95 1 197 
213 X 1 82 1 35 
214 H 1 17 1 107 
215 H 1 51 0 
216 H 1 114 0 
217 H 1 2 0 
218 CNOT 2 72 13 2 176 148 
219 Y 1 28 0 
220 H 1 80 1 134 
221 H 1 97 1 198 
222 H 1 73 1 106 
223 Y 1 13 1 218 
224 H 1 81 1 195 
225 H 1 104 1 45 
226 X 1 40 1 192 
227 Y 1 117 1 186 
228 Y 1 62 1 195 
229 H 1 46 1 17 
230 Y 1 43 1 441 
231 X 1 85 1 336 
232 Y 1 107 1 433 
233 CNOT 2 15 105 2 362 412 
234 H 1 58 1 129 
235 Y 1 116 1 413 
236 X 1 27 1 372 
237 Y 1 122 1 428 
238 X 1 85 1 231 
239 CNOT 2 70 62 2 386 420 
240 CNOT 2 66 10 1 395 
241 H 1 31 1 156 
242 X 1 77 0 
243 CNOT 2 65 37 2 392 432 
244 CNOT 2 72 25 2 48 218 
245 Y 1 32 1 150 
246 CNOT 2 5 56 1 179 
247 Y 1 21 1 136 
248 H 1 17 1 214 
249 X 1 12 0 
250 X 1 118 1 105 
251 Y 1 28 1 219 
252 H 1 68 1 74 
253 Y 1 11 1 161 
254 Y 1 60 1 168 
255 CNOT 2 91 123 2 24 7 
256 Y 1 105 1 68 
257 X 1 46 1 229 
258 X 1 70 1 205 
259 CNOT 2 115 72 2 185 244 
260 X 1 85 1 202 
261 H 1 54 1 130 
262 Y 1 78 1 78 
263 Y 1 99 1 146 
264 Y 1 38 0 
265 CNOT 2 17 79 1 248 
266 H 1 108 1 182 
267 Y 1 30 1 152 
268 Y 1 119 1 126 
269 Y 1 6 1 86 
270 H 1 100 1 108 
271 H 1 48 1 139 
272 CNOT 2 32 104 2 225 245 
273 CNOT 2 119 84 1 268 
274 CNOT 2 100 59 2 101 270 
275 H 1 21 1 247 
276 Y 1 79 1 265 
277 Y 1 55 1 159 
278 H 1 76 1 200 
279 H 1 92 1 167 
280 H 1 46 1 257 
281 CNOT 2 23 69 2 206 111 
282 X 1 56 1 246 
283 H 1 5 1 246 
284 H 1 18 1 206 
285 Y 1 49 1 138 
286 CNOT 2 101 33 2 172 182 
287 X 1 55 1 277 
288 CNOT 2 117 60 2 227 254 
289 X 1 28 1 251 
290 X 1 47 1 204 
291 CNOT 2 43 124 2 172 183 
292 Y 1 1 1 138 
293 CNOT 2 69 59 2 281 274 
294 H 1 92 1 279 
295 X 1 33 1 286 
296 X 1 56 1 282 
297 CNOT 2 112 109 1 153 
298 CNOT 2 68 6 2 252 269 
299 CNOT 2 13 26 2 223 199 
300 H 1 62 1 228 
301 H 1 81 1 224 
302 CNOT 2 110 18 2 284 109 
303 H 1 19 1 204 
304 Y 1 7 1 26 
305 Y 1 110 1 302 
306 X 1 98 1 134 
307 Y 1 61 1 71 
308 X 1 117 1 288 
309 H 1 69 1 293 
310 CNOT 2 55 70 2 258 287 
311 X 1 45 1 52 
312 CNOT 2 116 5 2 283 29 
313 H 1 104 1 272 
314 CNOT 2 80 78 2 220 262 
315 Y 1 92 1 294 
316 X 1 60 1 288 
317 CNOT 2 19 118 2 250 303 
318 CNOT 2 21 86 2 152 275 
319 H 1 24 1 193 
320 Y 1 70 1 310 
321 H 1 100 1 274 
322 H 1 84 1 273 
323 H 1 104 1 313 
324 X 1 63 1 104 
325 H 1 40 1 226 
326 H 1 43 1 291 
327 Y 1 102 1 151 
328 X 1 57 1 75 
329 H 1 78 1 314 
330 H 1 13 1 299 
331 H 1 83 1 94 
332 CNOT 2 36 62 2 203 300 
333 Y 1 96 1 198 
334 Y 1 29 1 200 
335 H 1 29 1 334 
336 X 1 85 1 260 
337 H 1 47 1 290 
338 H 1 110 1 305 
339 Y 1 45 1 311 
340 Y 1 10 1 190 
341 CNOT 2 2 123 2 217 255 
342 X 1 25 1 244 
343 CNOT 2 62 6 2 298 332 
344 Y 1 15 1 174 
345 Y 1 107 1 90 
346 Y 1 6 1 343 
347 Y 1 69 1 309 
348 CNOT 2 60 93 2 316 156 
349 H 1 48 1 271 
350 X 1 108 1 266 
351 X 1 104 1 323 
352 Y 1 63 1 324 
353 Y 1 117 1 308 
354 H 1 11 1 253 
355 Y 1 28 1 289 
356 H 1 115 1 259 
357 CNOT 2 69 42 2 347 207 
358 H 1 83 1 331 
359 X 1 12 1 249 
360 H 1 126 0 
361 CNOT 2 49 118 2 285 317 
362 CNOT 2 105 109 2 256 297 
363 Y 1 80 1 314 
364 CNOT 2 123 51 2 341 215 
365 Y 1 35 1 166 
366 X 1 67 1 194 
367 CNOT 2 69 117 2 353 357 
368 X 1 60 1 348 
369 Y 1 42 1 357 
370 Y 1 38 1 264 
371 CNOT 2 18 27 2 50 302 
372 Y 1 27 1 371 
373 Y 1 118 1 361 
374 Y 1 48 1 349 
375 CNOT 2 104 41 2 209 351 
376 Y 1 110 1 338 
377 X 1 96 1 333 
378 X 1 81 1 301 
379 X 1 96 1 377 
380 H 1 122 1 210 
381 CNOT 2 119 21 2 273 318 
382 H 1 0 1 155 
383 X 1 34 1 208 
384 H 1 32 1 272 
385 CNOT 2 33 89 2 201 295 
386 X 1 70 1 320 
387 Y 1 108 1 350 
388 Y 1 12 1 359 
389 Y 1 62 1 343 
390 X 1 59 1 293 
391 X 1 32 1 384 
392 CNOT 2 37 64 2 120 165 
393 CNOT 2 32 9 1 391 
394 H 1 59 1 390 
395 X 1 10 1 340 
396 H 1 116 1 312 
397 Y 1 0 1 382 
398 X 1 39 1 207 
399 Y 1 62 1 389 
400 X 1 52 1 64 
401 Y 1 17 1 265 
402 Y 1 75 1 124 
403 X 1 114 1 216 
404 H 1 103 1 99 
405 Y 1 91 1 255 
406 CNOT 2 1 112 2 297 292 
407 H 1 73 1 222 
408 CNOT 2 87 74 2 48 112 
409 CNOT 2 54 69 2 261 367 
410 H 1 28 1 355 
411 X 1 15 1 344 
412 X 1 15 1 411 
413 Y 1 116 1 396 
414 Y 1 98 1 306 
415 X 1 0 1 397 
416 Y 1 14 0 
417 CNOT 2 3 40 2 140 325 
418 H 1 118 1 373 
419 X 1 48 1 374 
420 CNOT 2 62 102 2 399 327 
421 X 1 14 1 416 
422 X 1 86 1 318 
423 CNOT 2 72 17 2 401 259 
424 H 1 46 1 280 
425 CNOT 2 95 2 2 212 341 
426 X 1 73 1 407 
427 X 1 67 1 366 
428 CNOT 2 78 122 2 329 380 
429 Y 1 107 1 345 
430 X 1 75 1 402 
431 X 1 32 1 393 
432 Y 1 65 0 
433 CNOT 2 80 107 2 363 429 
434 X 1 40 1 417 
435 CNOT 2 44 106 1 143 
436 X 1 73 1 426 
437 H 1 83 1 358 
438 H 1 34 1 383 
439 H 1 6 1 346 
440 CNOT 2 86 102 2 420 422 
441 Y 1 43 1 326 
442 X 1 101 1 286 
443 Y 1 94 1 208 
444 CNOT 2 46 79 2 424 276 
445 Y 1 26 1 299 
446 X 1 16 0 
447 Y 1 53 1 173 
448 H 1 18 1 371 
449 Y 1 111 1 188 
450 CNOT 2 7 17 2 304 423 
451 CNOT 2 23 98 2 281 414 
452 H 1 25 1 342 
453 H 1 122 1 237 
454 H 1 53 1 447 
455 X 1 45 1 339 
456 CNOT 2 29 121 2 211 335 
457 X 1 21 1 381 
458 X 1 93 1 348 
459 H 1 79 1 444 
460 H 1 5 1 312 
461 CNOT 2 5 39 2 460 398 
462 H 1 46 1 444 
463 Y 1 62 1 239 
464 CNOT 2 92 102 2 440 315 
465 X 1 121 1 456 
466 CNOT 2 94 56 2 296 443 
467 H 1 107 1 232 
468 H 1 76 1 278 
469 Y 1 78 1 428 
470 X 1 25 1 452 
471 X 1 49 1 361 
472 Y 1 17 1 450 
473 H 1 40 1 434 
474 Y 1 120 1 201 
475 X 1 110 1 376 
476 CNOT 2 82 64 2 392 110 
477 X 1 95 1 425 
478 CNOT 2 55 34 2 438 310 
479 H 1 72 1 423 
480 CNOT 2 87 125 2 408 171 
481 X 1 0 1 415 
482 H 1 2 1 425 
483 Y 1 118 1 418 
484 X 1 41 1 375 
485 H 1 74 1 408 
486 X 1 26 1 445 
487 H 1 34 1 478 
488 H 1 40 1 473 
489 Y 1 2 1 482 
490 X 1 64 1 476 
491 X 1 48 1 419 
492 CNOT 2 56 125 2 480 466 
493 CNOT 2 62 57 2 328 463 
494 Y 1 30 1 267 
495 H 1 65 1 243 
496 CNOT 2 54 38 2 409 370 
497 Y 1 3 1 417 
498 CNOT 2 81 108 2 378 387 
499 X 1 120 1 474 
500 X 1 119 1 381 
501 X 1 123 1 364 
502 CNOT 2 39 33 2 385 461 
503 CNOT 2 56 15 2 233 492 
504 X 1 95 1 477 
505 Y 1 32 1 431 
506 H 1 89 1 385 
507 CNOT 2 118 42 2 369 483 
508 Y 1 31 1 241 
509 X 1 90 0 
510 X 1 80 1 433 
511 CNOT 2 123 27 2 236 501 
512 H 1 97 1 221 
513 CNOT 2 116 78 2 235 469 
514 X 1 124 1 291 
515 CNOT 2 84 56 2 322 503 
516 Y 1 100 1 321 
517 Y 1 11 1 354 
518 H 1 122 1 453 
519 Y 1 100 1 516 
520 X 1 123 1 511 
521 H 1 1 1 406 
522 X 1 60 1 368 
523 CNOT 2 124 126 2 360 514 
524 X 1 60 1 522 
525 CNOT 2 41 71 2 484 149 
526 H 1 90 1 509 
527 X 1 69 1 409 
528 X 1 73 1 436 
529 CNOT 2 96 73 2 528 379 
530 CNOT 2 68 75 2 298 430 
531 Y 1 114 1 403 
532 Y 1 85 1 238 
533 CNOT 2 108 116 2 513 498 
534 H 1 110 1 475 
535 Y 1 46 1 462 
536 H 1 30 1 494 
537 Y 1 10 1 240 
538 CNOT 2 98 61 2 307 451 
539 CNOT 2 18 100 2 448 519 
540 CNOT 2 59 27 2 394 511 
541 X 1 39 1 502 
542 CNOT 2 33 113 2 141 502 
543 X 1 18 1 539 
544 Y 1 7 1 450 
545 X 1 101 1 442 
546 H 1 114 1 531 
547 H 1 28 1 410 
548 Y 1 111 1 449 
549 Y 1 113 1 542 
550 X 1 3 1 497 
551 H 1 76 1 468 
552 Y 1 30 1 536 
553 CNOT 2 40 108 2 488 533 
554 CNOT 2 35 55 2 365 478 
555 X 1 45 1 455 
556 X 1 89 1 506 
557 CNOT 2 79 127 2 65 459 
558 Y 1 101 1 545 
559 Y 1 117 1 367 
560 H 1 105 1 233 
561 CNOT 2 23 36 2 451 332 
562 X 1 5 1 461 
563 Y 1 33 1 542 
564 CNOT 2 124 50 2 32 523 
565 H 1 63 1 352 
566 X 1 3 1 550 
567 H 1 32 1 505 
568 X 1 23 1 561 
569 CNOT 2 33 51 2 563 364 
570 Y 1 52 1 400 
571 Y 1 87 1 480 
572 Y 1 103 1 404 
573 H 1 84 1 515 
574 H 1 17 1 472 
575 X 1 127 1 557 
576 H 1 34 1 487 
577 CNOT 2 116 48 2 491 533 
578 X 1 107 1 467 
579 H 1 32 1 567 
580 X 1 31 1 508 
581 Y 1 126 1 523 
582 Y 1 109 1 362 
583 H 1 58 1 234 
584 CNOT 2 0 45 2 481 555 
585 X 1 121 1 465 
586 CNOT 2 5 105 2 560 562 
587 X 1 51 1 569 
588 CNOT 2 32 127 2 579 575 
589 Y 1 119 1 500 
590 X 1 113 1 549 
591 Y 1 84 1 573 
592 H 1 63 1 565 
593 X 1 101 1 558 
594 CNOT 2 59 13 2 330 540 
595 H 1 54 1 496 
596 Y 1 56 1 515 
597 X 1 69 1 527 
598 H 1 65 1 495 
599 CNOT 2 114 72 2 546 479 
600 CNOT 2 108 16 2 553 446 
601 CNOT 2 87 116 2 577 571 
602 CNOT 2 117 103 2 572 559 
