118 112
0 Y 1 115 0 
1 Y 1 33 0 
2 H 1 96 0 
3 CNOT 2 52 87 0 
4 Y 1 54 0 
5 H 1 41 0 
6 H 1 20 0 
7 H 1 59 0 
8 X 1 39 0 
9 H 1 5 0 
10 Y 1 49 0 
11 X 1 47 0 
12 H 1 16 0 
13 CNOT 2 30 15 0 
14 Y 1 22 0 
15 CNOT 2 68 22 1 14 
16 X 1 102 0 
17 Y 1 82 0 
18 X 1 66 0 
19 CNOT 2 58 88 0 
20 H 1 0 0 
21 H 1 35 0 
22 H 1 111 0 
23 CNOT 2 59 91 1 7 
24 CNOT 2 66 54 2 18 4 
25 X 1 78 0 
26 Y 1 15 1 60 
27 H 1 46 0 
28 CNOT 2 7 49 1 32 
29 Y 1 113 0 
30 Y 1 94 1 67 
31 CNOT 2 100 58 1 19 
32 CNOT 2 62 49 1 10 
33 CNOT 2 89 60 0 
34 Y 1 8 0 
35 H 1 56 0 
36 CNOT 2 93 12 0 
37 CNOT 2 110 50 0 
38 H 1 105 0 
39 Y 1 21 0 
40 Y 1 77 0 
41 Y 1 22 1 15 
42 CNOT 2 60 44 1 33 
43 H 1 34 0 
44 H 1 73 0 
45 X 1 64 0 
46 H 1 23 0 
47 CNOT 2 101 35 1 21 
48 H 1 75 0 
49 X 1 115 1 0 
50 CNOT 2 101 108 1 47 
51 H 1 109 0 
52 X 1 51 0 
53 H 1 62 1 32 
54 CNOT 2 29 117 0 
55 H 1 63 0 
56 H 1 66 1 24 
57 X 1 20 1 92 
58 Y 1 42 0 
59 X 1 0 1 20 
60 H 1 15 1 13 
61 H 1 45 0 
62 H 1 47 1 11 
63 X 1 101 1 50 
64 H 1 86 0 
65 Y 1 112 0 
66 CNOT 2 1 69 0 
67 Y 1 94 0 
68 H 1 43 0 
69 H 1 82 1 17 
70 Y 1 48 0 
71 X 1 5 1 9 
72 X 1 15 1 26 
73 CNOT 2 26 27 0 
74 Y 1 70 0 
75 Y 1 2 0 
76 H 1 106 0 
77 Y 1 16 1 12 
78 X 1 88 1 19 
79 X 1 13 0 
80 Y 1 63 1 55 
81 Y 1 83 0 
82 H 1 7 1 28 
83 Y 1 23 1 46 
84 CNOT 2 2 70 2 74 75 
85 CNOT 2 85 43 1 68 
86 Y 1 3 0 
87 X 1 56 1 35 
88 Y 1 85 1 85 
89 H 1 46 1 27 
90 H 1 4 0 
91 H 1 71 0 
92 CNOT 2 20 12 2 36 6 
93 Y 1 10 0 
94 X 1 27 1 73 
95 CNOT 2 72 110 1 37 
96 CNOT 2 65 30 1 13 
97 Y 1 115 1 49 
98 CNOT 2 18 97 0 
99 H 1 44 1 42 
100 X 1 3 1 86 
101 X 1 32 0 
102 X 1 55 0 
103 H 1 12 1 92 
104 CNOT 2 41 90 1 5 
105 Y 1 11 0 
106 X 1 87 1 3 
107 X 1 117 1 54 
108 CNOT 2 57 107 0 
109 CNOT 2 69 85 2 88 66 
110 Y 1 46 1 89 
111 H 1 113 1 29 
