8 222
0 H 1 4 0 
1 H 1 2 0 
2 Y 1 1 0 
3 Y 1 5 0 
4 Y 1 1 1 2 
5 X 1 1 1 4 
6 X 1 7 0 
7 CNOT 2 0 6 0 
8 Y 1 2 1 1 
9 CNOT 2 6 1 2 5 7 
10 X 1 5 1 13 
11 CNOT 2 1 0 2 9 7 
12 H 1 7 1 6 
13 X 1 5 1 3 
14 CNOT 2 3 2 1 8 
15 H 1 1 1 11 
16 Y 1 3 1 14 
17 X 1 3 1 16 
18 CNOT 2 6 3 2 9 17 
19 H 1 0 1 39 
20 H 1 3 1 18 
21 CNOT 2 5 6 2 10 18 
22 CNOT 2 4 7 2 0 12 
23 CNOT 2 3 2 2 20 14 
24 Y 1 1 1 15 
25 Y 1 3 1 23 
26 X 1 3 1 25 
27 Y 1 6 1 21 
28 Y 1 1 1 24 
29 Y 1 7 1 22 
30 CNOT 2 3 2 2 26 23 
31 H 1 6 1 27 
32 H 1 1 1 28 
33 X 1 2 1 30 
34 H 1 0 1 11 
35 X 1 4 1 22 
36 CNOT 2 1 4 2 32 35 
37 Y 1 3 1 30 
38 CNOT 2 2 1 2 33 36 
39 CNOT 2 0 2 2 34 38 
40 Y 1 5 1 21 
41 X 1 6 1 84 
42 H 1 2 1 89 
43 H 1 5 1 40 
44 X 1 1 1 38 
45 X 1 0 1 19 
46 H 1 7 1 29 
47 H 1 6 1 31 
48 H 1 7 1 46 
49 X 1 6 1 47 
50 Y 1 5 1 43 
51 CNOT 2 7 6 2 48 49 
52 CNOT 2 0 2 2 45 39 
53 H 1 0 1 52 
54 H 1 5 1 50 
55 CNOT 2 7 3 2 51 37 
56 X 1 7 1 55 
57 Y 1 4 1 36 
58 H 1 7 1 56 
59 Y 1 6 1 51 
60 H 1 3 1 55 
61 CNOT 2 7 2 2 58 52 
62 CNOT 2 2 1 2 44 61 
63 Y 1 6 1 59 
64 X 1 6 1 63 
65 X 1 2 1 62 
66 X 1 0 1 53 
67 CNOT 2 2 1 2 65 62 
68 Y 1 4 1 57 
69 X 1 7 1 61 
70 Y 1 0 1 66 
71 X 1 1 1 67 
72 H 1 1 1 71 
73 X 1 4 1 68 
74 H 1 7 1 69 
75 Y 1 1 1 72 
76 Y 1 6 1 64 
77 CNOT 2 0 1 2 75 70 
78 Y 1 7 1 74 
79 H 1 7 1 78 
80 Y 1 6 1 76 
81 X 1 2 1 67 
82 X 1 2 1 81 
83 Y 1 1 1 77 
84 X 1 6 1 80 
85 X 1 0 1 77 
86 Y 1 0 1 85 
87 Y 1 1 1 83 
88 CNOT 2 7 2 2 82 79 
89 CNOT 2 2 0 2 88 86 
90 H 1 3 1 60 
91 CNOT 2 7 1 2 88 87 
92 H 1 1 1 91 
93 Y 1 0 1 209 
94 H 1 4 1 206 
95 Y 1 7 1 208 
96 Y 1 5 1 202 
97 Y 1 5 1 96 
98 X 1 6 1 193 
99 X 1 4 1 94 
100 CNOT 2 0 6 2 98 93 
101 Y 1 2 1 204 
102 H 1 2 1 101 
103 Y 1 5 1 54 
104 X 1 7 1 91 
105 X 1 5 1 103 
106 X 1 7 1 104 
107 X 1 4 1 73 
108 H 1 2 1 42 
109 X 1 4 1 107 
110 X 1 3 1 90 
111 X 1 2 1 108 
112 CNOT 2 4 5 2 105 109 
113 Y 1 7 1 106 
114 Y 1 4 1 112 
115 Y 1 0 1 89 
116 Y 1 4 1 114 
117 Y 1 3 1 110 
118 CNOT 2 0 3 2 115 117 
119 X 1 1 1 92 
120 CNOT 2 6 2 2 41 111 
121 CNOT 2 0 2 2 120 118 
122 Y 1 6 1 120 
123 Y 1 3 1 118 
124 H 1 6 1 122 
125 Y 1 3 1 123 
126 X 1 2 1 121 
127 X 1 6 1 124 
128 H 1 2 1 126 
129 X 1 1 1 119 
130 Y 1 3 1 125 
131 Y 1 1 1 129 
132 Y 1 3 1 130 
133 Y 1 3 1 132 
134 X 1 5 1 112 
135 CNOT 2 7 5 2 113 134 
136 X 1 0 1 121 
137 CNOT 2 5 6 2 135 127 
138 CNOT 2 1 6 2 137 131 
139 CNOT 2 2 5 2 128 137 
140 CNOT 2 5 7 2 139 135 
141 Y 1 5 1 140 
142 X 1 2 1 139 
143 Y 1 6 1 138 
144 CNOT 2 4 6 2 116 143 
145 X 1 4 1 144 
146 CNOT 2 5 6 2 144 141 
147 CNOT 2 2 5 2 146 142 
148 Y 1 3 1 133 
149 X 1 2 1 147 
150 CNOT 2 6 1 2 138 146 
151 X 1 6 1 150 
152 X 1 4 1 145 
153 H 1 3 1 148 
154 Y 1 3 1 153 
155 H 1 5 1 147 
156 X 1 3 1 154 
157 X 1 7 1 140 
158 X 1 5 1 155 
159 Y 1 6 1 151 
160 X 1 5 1 158 
161 CNOT 2 0 3 2 136 156 
162 X 1 3 1 161 
163 X 1 6 1 159 
164 CNOT 2 5 4 2 152 160 
165 Y 1 0 1 161 
166 X 1 1 1 150 
167 CNOT 2 7 1 2 157 166 
168 X 1 7 1 167 
169 Y 1 2 1 149 
170 Y 1 6 1 163 
171 Y 1 6 1 170 
172 X 1 4 1 164 
173 H 1 7 1 168 
174 H 1 6 1 171 
175 Y 1 6 1 174 
176 H 1 4 1 172 
177 Y 1 6 1 175 
178 H 1 2 1 169 
179 CNOT 2 6 5 2 177 164 
180 H 1 4 1 176 
181 CNOT 2 0 3 2 162 165 
182 Y 1 3 1 181 
183 CNOT 2 0 6 2 179 181 
184 H 1 1 1 167 
185 CNOT 2 5 1 2 184 179 
186 H 1 4 1 180 
187 Y 1 3 1 182 
188 Y 1 3 1 187 
189 CNOT 2 2 7 2 178 173 
190 X 1 7 1 189 
191 CNOT 2 2 7 2 189 190 
192 X 1 4 1 186 
193 X 1 6 1 183 
194 X 1 3 1 188 
195 Y 1 7 1 191 
196 H 1 5 1 185 
197 Y 1 2 1 191 
198 H 1 1 1 185 
199 CNOT 2 4 2 2 192 197 
200 Y 1 1 1 198 
201 CNOT 2 2 1 2 200 199 
202 Y 1 5 1 196 
203 X 1 4 1 199 
204 H 1 2 1 201 
205 CNOT 2 1 0 2 201 183 
206 X 1 4 1 203 
207 Y 1 7 1 195 
208 CNOT 2 7 3 2 194 207 
209 Y 1 0 1 205 
210 Y 1 4 1 99 
211 CNOT 2 4 2 2 210 102 
212 X 1 7 1 95 
213 H 1 5 1 97 
214 Y 1 1 1 205 
215 X 1 4 1 211 
216 Y 1 5 1 213 
217 H 1 5 1 216 
218 H 1 0 1 100 
219 X 1 2 1 211 
220 Y 1 4 1 215 
221 CNOT 2 6 0 2 218 100 
