15 227
0 Y 1 6 0 
1 X 1 8 0 
2 X 1 10 0 
3 CNOT 2 7 3 0 
4 X 1 0 0 
5 H 1 0 1 4 
6 H 1 4 0 
7 Y 1 5 0 
8 Y 1 0 1 5 
9 X 1 3 1 3 
10 CNOT 2 8 9 1 1 
11 X 1 8 1 10 
12 Y 1 12 0 
13 X 1 3 1 23 
14 H 1 11 0 
15 CNOT 2 0 4 2 8 6 
16 CNOT 2 3 6 2 0 9 
17 Y 1 7 1 3 
18 CNOT 2 3 5 2 16 7 
19 H 1 7 1 17 
20 Y 1 0 1 15 
21 CNOT 2 8 0 2 11 20 
22 X 1 8 1 21 
23 CNOT 2 3 0 2 18 21 
24 X 1 8 1 22 
25 H 1 10 1 2 
26 Y 1 3 1 48 
27 X 1 0 1 47 
28 Y 1 6 1 16 
29 Y 1 3 1 13 
30 X 1 8 1 24 
31 Y 1 8 1 30 
32 CNOT 2 10 6 2 25 28 
33 H 1 11 1 14 
34 H 1 8 1 31 
35 Y 1 6 1 32 
36 CNOT 2 3 11 2 33 29 
37 X 1 0 1 23 
38 CNOT 2 8 12 2 34 12 
39 X 1 6 1 35 
40 Y 1 3 1 36 
41 Y 1 12 1 38 
42 X 1 10 1 32 
43 H 1 8 1 38 
44 X 1 10 1 42 
45 H 1 6 1 39 
46 X 1 11 1 36 
47 Y 1 0 1 37 
48 X 1 3 1 40 
49 H 1 3 1 91 
50 H 1 8 1 102 
51 CNOT 2 3 8 2 49 50 
52 X 1 3 1 51 
53 CNOT 2 8 9 2 10 43 
54 CNOT 2 0 9 2 27 53 
55 CNOT 2 0 6 2 45 54 
56 H 1 0 1 55 
57 Y 1 0 1 56 
58 CNOT 2 8 1 1 53 
59 X 1 3 1 26 
60 X 1 8 1 58 
61 X 1 8 1 60 
62 H 1 0 1 57 
63 X 1 0 1 62 
64 X 1 0 1 63 
65 Y 1 0 1 64 
66 X 1 7 1 19 
67 H 1 6 1 55 
68 Y 1 8 1 61 
69 CNOT 2 3 9 2 59 54 
70 X 1 0 1 65 
71 H 1 8 1 68 
72 Y 1 3 1 69 
73 H 1 10 1 44 
74 Y 1 12 1 41 
75 Y 1 3 1 72 
76 Y 1 0 1 70 
77 CNOT 2 3 10 2 73 75 
78 X 1 6 1 67 
79 Y 1 8 1 71 
80 CNOT 2 9 8 2 69 79 
81 H 1 8 1 80 
82 X 1 8 1 81 
83 H 1 7 1 66 
84 Y 1 7 1 83 
85 H 1 7 1 84 
86 Y 1 3 1 77 
87 X 1 8 1 82 
88 X 1 3 1 86 
89 Y 1 9 1 80 
90 H 1 11 1 46 
91 X 1 3 1 88 
92 H 1 9 1 89 
93 Y 1 0 1 76 
94 CNOT 2 11 2 1 90 
95 CNOT 2 0 9 2 92 93 
96 Y 1 8 1 87 
97 Y 1 8 1 96 
98 X 1 7 1 85 
99 H 1 8 1 97 
100 H 1 2 1 94 
101 H 1 0 1 95 
102 CNOT 2 8 6 2 99 78 
103 Y 1 14 0 
104 X 1 10 1 194 
105 X 1 4 1 184 
106 Y 1 8 1 208 
107 Y 1 8 1 106 
108 X 1 7 1 209 
109 X 1 3 1 210 
110 CNOT 2 7 6 2 98 102 
111 X 1 8 1 51 
112 CNOT 2 2 8 2 100 111 
113 X 1 8 1 112 
114 Y 1 8 1 113 
115 H 1 10 1 77 
116 Y 1 8 1 114 
117 Y 1 3 1 52 
118 Y 1 3 1 117 
119 CNOT 2 5 9 2 18 95 
120 CNOT 2 10 0 2 115 101 
121 CNOT 2 7 0 2 120 110 
122 Y 1 3 1 118 
123 X 1 8 1 116 
124 CNOT 2 11 7 2 121 94 
125 X 1 3 1 122 
126 H 1 8 1 123 
127 Y 1 9 1 119 
128 X 1 0 1 121 
129 H 1 3 1 125 
130 H 1 9 1 127 
131 X 1 0 1 128 
132 Y 1 3 1 129 
133 H 1 8 1 126 
134 X 1 3 1 132 
135 X 1 11 1 124 
136 X 1 3 1 134 
137 X 1 4 1 15 
138 Y 1 6 1 110 
139 H 1 9 1 130 
140 X 1 8 1 133 
141 X 1 0 1 131 
142 H 1 3 1 136 
143 Y 1 8 1 140 
144 X 1 0 1 141 
145 H 1 0 1 144 
146 CNOT 2 3 7 2 124 142 
147 X 1 8 1 143 
148 H 1 13 0 
149 X 1 0 1 145 
150 Y 1 1 1 58 
151 X 1 2 1 112 
152 CNOT 2 0 12 2 74 149 
153 H 1 9 1 139 
154 X 1 8 1 147 
155 CNOT 2 6 9 2 153 138 
156 H 1 12 1 152 
157 Y 1 11 1 135 
158 H 1 0 1 152 
159 Y 1 2 1 151 
160 X 1 6 1 155 
161 CNOT 2 6 0 2 160 158 
162 CNOT 2 0 13 2 161 148 
163 H 1 3 1 146 
164 X 1 2 1 159 
165 H 1 11 1 157 
166 X 1 0 1 162 
167 CNOT 2 12 8 2 154 156 
168 H 1 0 1 166 
169 Y 1 9 1 155 
170 H 1 7 1 146 
171 H 1 3 1 163 
172 Y 1 11 1 165 
173 H 1 0 1 168 
174 H 1 10 1 120 
175 CNOT 2 3 0 2 171 173 
176 Y 1 3 1 175 
177 X 1 6 1 161 
178 CNOT 2 9 8 2 169 167 
179 X 1 0 1 175 
180 X 1 8 1 178 
181 H 1 8 1 180 
182 X 1 8 1 181 
183 CNOT 2 3 5 2 176 119 
184 CNOT 2 8 4 2 137 182 
185 Y 1 9 1 178 
186 Y 1 13 1 162 
187 CNOT 2 8 7 2 184 170 
188 H 1 3 1 183 
189 X 1 3 1 188 
190 H 1 3 1 189 
191 Y 1 0 1 179 
192 Y 1 0 1 191 
193 CNOT 2 3 0 2 192 190 
194 X 1 10 1 174 
195 CNOT 2 9 7 2 185 187 
196 H 1 8 1 187 
197 X 1 8 1 196 
198 Y 1 9 1 195 
199 Y 1 9 1 198 
200 Y 1 2 1 164 
201 H 1 8 1 197 
202 Y 1 1 1 150 
203 H 1 0 1 193 
204 H 1 3 1 193 
205 X 1 11 1 172 
206 X 1 0 1 203 
207 CNOT 2 7 11 2 195 205 
208 CNOT 2 0 8 2 201 206 
209 CNOT 2 7 6 2 177 207 
210 Y 1 3 1 204 
211 Y 1 0 1 208 
212 H 1 7 1 108 
213 CNOT 2 3 11 2 109 207 
214 X 1 8 1 107 
215 H 1 3 1 213 
216 H 1 0 1 211 
217 X 1 10 1 104 
218 H 1 0 1 216 
219 Y 1 5 1 183 
220 H 1 7 1 212 
221 Y 1 12 1 167 
222 Y 1 3 1 215 
223 Y 1 0 1 218 
224 H 1 0 1 223 
225 Y 1 6 1 209 
226 X 1 0 1 224 
