16 36
0 H 1 3 0 
1 X 1 5 0 
2 H 1 2 1 7 
3 Y 1 2 1 2 
4 CNOT 2 1 5 1 1 
5 Y 1 8 0 
6 CNOT 2 15 5 1 4 
7 Y 1 2 0 
8 X 1 6 0 
9 H 1 2 1 3 
10 CNOT 2 11 3 1 0 
11 Y 1 11 1 10 
12 H 1 13 0 
13 X 1 5 1 6 
14 H 1 10 1 21 
15 Y 1 8 1 5 
16 X 1 11 1 11 
17 CNOT 2 13 8 2 12 15 
18 Y 1 15 1 6 
19 Y 1 15 1 18 
20 Y 1 9 0 
21 H 1 10 0 
22 Y 1 4 0 
23 X 1 8 1 17 
24 CNOT 2 4 9 2 20 22 
25 CNOT 2 6 15 2 8 19 
26 H 1 0 0 
27 Y 1 11 1 16 
28 Y 1 11 1 27 
29 H 1 14 0 
30 CNOT 2 12 0 1 26 
31 Y 1 12 1 30 
32 X 1 3 1 10 
33 X 1 8 1 23 
34 X 1 1 1 4 
35 H 1 3 1 32 
