31 206
0 CNOT 2 25 21 0 
1 CNOT 2 22 12 0 
2 H 1 5 0 
3 H 1 2 0 
4 CNOT 2 19 1 0 
5 Y 1 30 0 
6 X 1 26 0 
7 CNOT 2 28 16 0 
8 CNOT 2 27 11 0 
9 H 1 13 0 
10 X 1 23 0 
11 Y 1 19 1 4 
12 X 1 16 1 20 
13 CNOT 2 29 30 1 5 
14 Y 1 10 0 
15 Y 1 25 1 0 
16 CNOT 2 12 16 2 1 7 
17 Y 1 30 1 13 
18 CNOT 2 21 26 2 0 6 
19 CNOT 2 1 4 1 4 
20 CNOT 2 11 16 2 8 16 
21 X 1 12 1 16 
22 Y 1 25 1 15 
23 Y 1 20 1 36 
24 H 1 17 0 
25 X 1 1 1 19 
26 H 1 18 0 
27 H 1 19 1 11 
28 X 1 20 0 
29 CNOT 2 12 14 1 21 
30 X 1 4 1 19 
31 H 1 23 1 10 
32 CNOT 2 2 16 2 3 12 
33 H 1 14 1 29 
34 CNOT 2 19 27 2 8 27 
35 H 1 27 1 34 
36 X 1 20 1 28 
37 Y 1 12 1 29 
38 Y 1 12 1 37 
39 X 1 17 1 24 
40 Y 1 14 1 33 
41 Y 1 24 0 
42 CNOT 2 12 15 1 38 
43 CNOT 2 26 12 2 18 94 
44 H 1 22 1 71 
45 X 1 20 1 77 
46 Y 1 2 1 65 
47 CNOT 2 23 19 2 34 31 
48 H 1 27 1 35 
49 CNOT 2 20 2 2 32 23 
50 CNOT 2 19 30 2 17 47 
51 X 1 4 1 30 
52 X 1 16 1 32 
53 H 1 15 1 42 
54 X 1 28 1 7 
55 H 1 30 1 50 
56 X 1 16 1 52 
57 Y 1 23 1 47 
58 X 1 14 1 40 
59 X 1 23 1 57 
60 Y 1 2 1 49 
61 Y 1 9 0 
62 H 1 16 1 56 
63 H 1 23 1 59 
64 H 1 10 1 14 
65 X 1 2 1 60 
66 X 1 1 1 25 
67 CNOT 2 19 9 2 50 61 
68 H 1 10 1 64 
69 Y 1 23 1 63 
70 Y 1 0 0 
71 X 1 22 1 1 
72 X 1 16 1 62 
73 CNOT 2 10 15 2 68 53 
74 H 1 17 1 39 
75 H 1 19 1 67 
76 Y 1 18 1 26 
77 CNOT 2 29 20 2 49 13 
78 X 1 14 1 58 
79 X 1 12 1 42 
80 Y 1 16 1 72 
81 Y 1 12 1 79 
82 Y 1 25 1 22 
83 Y 1 4 1 51 
84 CNOT 2 9 16 2 80 67 
85 Y 1 4 1 83 
86 Y 1 24 1 41 
87 Y 1 16 1 84 
88 CNOT 2 27 1 2 48 66 
89 X 1 11 1 20 
90 Y 1 30 1 55 
91 Y 1 7 0 
92 X 1 29 1 77 
93 X 1 30 1 90 
94 H 1 12 1 81 
95 H 1 11 1 89 
96 CNOT 2 4 17 2 185 180 
97 CNOT 2 2 6 2 145 166 
98 CNOT 2 10 22 2 154 187 
99 CNOT 2 23 30 2 182 183 
100 CNOT 2 4 19 2 96 186 
101 Y 1 18 1 76 
102 Y 1 2 1 46 
103 CNOT 2 1 4 2 88 85 
104 H 1 4 1 103 
105 H 1 25 1 82 
106 X 1 11 1 95 
107 CNOT 2 16 30 2 93 87 
108 CNOT 2 12 10 2 73 43 
109 Y 1 12 1 108 
110 Y 1 16 1 107 
111 Y 1 17 1 74 
112 H 1 25 1 105 
113 Y 1 25 1 112 
114 X 1 14 1 78 
115 Y 1 1 1 103 
116 X 1 16 1 110 
117 Y 1 11 1 106 
118 H 1 14 1 114 
119 CNOT 2 28 30 2 107 54 
120 Y 1 16 1 116 
121 CNOT 2 26 23 2 43 69 
122 CNOT 2 10 16 2 120 108 
123 X 1 23 1 121 
124 X 1 10 1 122 
125 Y 1 6 0 
126 CNOT 2 17 16 2 122 111 
127 CNOT 2 4 19 2 104 75 
128 X 1 18 1 101 
129 H 1 8 0 
130 H 1 30 1 119 
131 Y 1 1 1 115 
132 Y 1 18 1 128 
133 CNOT 2 16 1 2 131 126 
134 X 1 25 1 113 
135 X 1 19 1 127 
136 H 1 7 1 91 
137 Y 1 20 1 45 
138 H 1 1 1 133 
139 H 1 10 1 124 
140 CNOT 2 22 1 2 138 44 
141 CNOT 2 1 11 2 140 117 
142 Y 1 24 1 86 
143 X 1 29 1 92 
144 CNOT 2 16 4 2 133 127 
145 Y 1 6 1 125 
146 Y 1 23 1 123 
147 Y 1 4 1 144 
148 X 1 5 1 2 
149 Y 1 13 1 9 
150 CNOT 2 17 4 2 147 126 
151 Y 1 19 1 135 
152 CNOT 2 23 11 2 146 141 
153 H 1 25 1 134 
154 Y 1 10 1 139 
155 H 1 7 1 136 
156 CNOT 2 1 22 2 140 141 
157 Y 1 27 1 88 
158 X 1 16 1 144 
159 CNOT 2 4 16 2 158 150 
160 CNOT 2 25 9 2 153 84 
161 CNOT 2 15 30 2 73 130 
162 Y 1 11 1 152 
163 X 1 1 1 156 
164 H 1 30 1 161 
165 H 1 3 0 
166 H 1 2 1 102 
167 CNOT 2 16 14 2 118 159 
168 Y 1 15 1 161 
169 H 1 1 1 163 
170 H 1 16 1 167 
171 Y 1 24 1 142 
172 Y 1 1 1 169 
173 CNOT 2 1 30 2 172 164 
174 X 1 1 1 173 
175 CNOT 2 24 1 2 171 174 
176 H 1 23 1 152 
177 X 1 4 1 159 
178 CNOT 2 4 14 2 177 167 
179 Y 1 20 1 137 
180 CNOT 2 12 17 2 109 150 
181 H 1 27 1 157 
182 H 1 23 1 176 
183 CNOT 2 30 16 2 170 173 
184 X 1 19 1 151 
185 CNOT 2 27 4 2 178 181 
186 CNOT 2 19 25 2 160 184 
187 CNOT 2 22 20 2 179 156 
188 X 1 14 1 178 
189 H 1 15 1 168 
190 H 1 11 1 162 
191 X 1 15 1 189 
192 Y 1 12 1 180 
193 Y 1 14 1 188 
194 CNOT 2 26 1 2 121 175 
195 X 1 18 1 132 
196 X 1 8 1 129 
197 CNOT 2 23 16 2 99 183 
198 H 1 25 1 186 
199 H 1 23 1 197 
200 H 1 30 1 99 
201 X 1 4 1 100 
202 Y 1 23 1 199 
203 CNOT 2 24 29 2 175 143 
204 X 1 12 1 192 
205 H 1 11 1 190 
